Symbol,Date,Open,High,Low,Close,Volume
AGG,01-Jan-2014,106.43,106.43,106.43,106.43,0
AGG,02-Jan-2014,106.45,106.57,106.43,106.5,1346600
AGG,03-Jan-2014,106.45,106.63,106.39,106.54,2293500
AGG,06-Jan-2014,106.53,106.68,106.53,106.68,4413800
AGG,07-Jan-2014,106.74,106.78,106.67,106.73,1255600
AGG,08-Jan-2014,106.57,106.62,106.4,106.41,1090800
AGG,09-Jan-2014,106.56,106.58,106.42,106.56,829400
AGG,10-Jan-2014,106.93,107.1,106.84,107.1,1484400
AGG,13-Jan-2014,107.15,107.31,107.14,107.2,1139500
AGG,14-Jan-2014,107.18,107.25,106.98,107.04,987500
AGG,15-Jan-2014,106.88,106.98,106.82,106.95,1664800
AGG,16-Jan-2014,107.13,107.21,107.07,107.2,3113700
AGG,17-Jan-2014,107.18,107.3,107.1,107.25,588600
AGG,20-Jan-2014,107.25,107.25,107.25,107.25,0
AGG,21-Jan-2014,107.17,107.34,107.17,107.3,1777000
AGG,22-Jan-2014,107.11,107.24,107.02,107.07,892900
AGG,23-Jan-2014,107.27,107.52,107.26,107.35,1901100
AGG,24-Jan-2014,107.56,107.65,107.46,107.58,783200
AGG,27-Jan-2014,107.53,107.64,107.34,107.35,1334900
AGG,28-Jan-2014,107.46,107.56,107.39,107.53,1306400
AGG,29-Jan-2014,107.68,107.92,107.68,107.85,1116200
AGG,30-Jan-2014,107.76,107.88,107.71,107.87,3074300
AGG,31-Jan-2014,108,108.07,107.91,108.07,3195100
AGG,03-Feb-2014,107.78,108.23,107.71,108.23,1976000
AGG,04-Feb-2014,107.96,108.08,107.88,107.97,2288900
AGG,05-Feb-2014,107.84,107.92,107.69,107.7,1161900
AGG,06-Feb-2014,107.62,107.67,107.55,107.65,1127700
AGG,07-Feb-2014,107.68,107.9,107.65,107.82,628600
AGG,10-Feb-2014,107.83,107.97,107.81,107.93,1097200
AGG,11-Feb-2014,107.7,107.78,107.63,107.72,1493200
AGG,12-Feb-2014,107.58,107.61,107.45,107.54,714100
AGG,13-Feb-2014,107.75,107.82,107.69,107.77,777400
AGG,14-Feb-2014,107.73,107.78,107.66,107.77,709000
AGG,17-Feb-2014,107.77,107.77,107.77,107.77,0
AGG,18-Feb-2014,107.76,107.94,107.74,107.84,940900
AGG,19-Feb-2014,107.97,108.06,107.73,107.76,902600
AGG,20-Feb-2014,107.71,107.76,107.57,107.7,894000
AGG,21-Feb-2014,107.62,107.8,107.61,107.8,395300
AGG,24-Feb-2014,107.8,107.8,107.68,107.7,838400
AGG,25-Feb-2014,107.85,108.02,107.85,107.99,542100
AGG,26-Feb-2014,108.04,108.22,108,108.22,617000
AGG,27-Feb-2014,108.25,108.37,108.23,108.33,628800
AGG,28-Feb-2014,108.24,108.32,108.12,108.27,1589400
AGG,03-Mar-2014,108.21,108.38,108.15,108.35,2533800
AGG,04-Mar-2014,108.25,108.25,107.92,107.95,953600
AGG,05-Mar-2014,107.83,108.02,107.81,108.01,2852300
AGG,06-Mar-2014,107.76,107.83,107.69,107.77,689200
AGG,07-Mar-2014,107.46,107.56,107.42,107.47,701600
AGG,10-Mar-2014,107.5,107.56,107.46,107.47,877700
AGG,11-Mar-2014,107.53,107.56,107.44,107.46,2060600
AGG,12-Mar-2014,107.67,107.72,107.6,107.7,943300
AGG,13-Mar-2014,107.57,108.06,107.55,107.98,660800
AGG,14-Mar-2014,108.13,108.17,107.93,107.93,741800
AGG,17-Mar-2014,107.91,107.98,107.83,107.87,590800
AGG,18-Mar-2014,107.88,108,107.85,108,568700
AGG,19-Mar-2014,107.98,107.98,107.41,107.52,701900
AGG,20-Mar-2014,107.45,107.53,107.39,107.44,1100500
AGG,21-Mar-2014,107.52,107.65,107.46,107.59,756500
AGG,24-Mar-2014,107.58,107.77,107.5,107.75,712800
AGG,25-Mar-2014,107.69,107.83,107.63,107.64,1377600
AGG,26-Mar-2014,107.75,107.98,107.72,107.98,593900
AGG,27-Mar-2014,107.87,108.08,107.85,108.06,1299200
AGG,28-Mar-2014,108.1,108.1,107.84,107.9,865500
AGG,31-Mar-2014,107.83,107.98,107.74,107.91,1452200
AGG,01-Apr-2014,107.66,107.67,107.54,107.54,759900
AGG,02-Apr-2014,107.35,107.49,107.33,107.36,1550700
AGG,03-Apr-2014,107.46,107.54,107.39,107.44,1126700
AGG,04-Apr-2014,107.66,107.85,107.65,107.78,1043500
AGG,07-Apr-2014,107.94,108.06,107.89,107.94,679500
AGG,08-Apr-2014,107.98,108.15,107.93,108.07,1435700
AGG,09-Apr-2014,108,108.21,107.93,108.08,1167100
AGG,10-Apr-2014,108.17,108.49,108.15,108.33,1033300
AGG,11-Apr-2014,108.57,108.58,108.41,108.43,1168700
AGG,14-Apr-2014,108.43,108.5,108.4,108.47,1002800
AGG,15-Apr-2014,108.44,108.62,108.39,108.48,1442100
AGG,16-Apr-2014,108.41,108.54,108.34,108.54,2245600
AGG,17-Apr-2014,108.51,108.53,108.1,108.19,1262900
AGG,18-Apr-2014,108.19,108.19,108.19,108.19,0
AGG,21-Apr-2014,108.27,108.29,108.13,108.18,1018200
AGG,22-Apr-2014,108.1,108.16,108.05,108.16,1034800
AGG,23-Apr-2014,108.24,108.36,108.21,108.27,745900
AGG,24-Apr-2014,108.19,108.37,108.18,108.37,494000
AGG,25-Apr-2014,108.43,108.55,108.37,108.39,489700
AGG,28-Apr-2014,108.39,108.46,108.26,108.32,523300
AGG,29-Apr-2014,108.26,108.4,108.24,108.37,858600
AGG,30-Apr-2014,108.46,108.61,108.38,108.59,1312900
AGG,01-May-2014,108.38,108.7,108.38,108.55,1727500
AGG,02-May-2014,108.4,108.78,108.35,108.68,1075300
AGG,05-May-2014,108.72,108.74,108.56,108.64,1261100
AGG,06-May-2014,108.69,108.73,108.62,108.72,786700
AGG,07-May-2014,108.7,108.8,108.62,108.72,664800
AGG,08-May-2014,108.78,108.9,108.68,108.79,2023400
AGG,09-May-2014,108.75,108.82,108.66,108.69,812800
AGG,12-May-2014,108.64,108.65,108.54,108.6,472900
AGG,13-May-2014,108.76,108.8,108.72,108.78,577500
AGG,14-May-2014,108.91,109.15,108.91,109.09,1321600
AGG,15-May-2014,109.3,109.45,109.23,109.32,2408900
AGG,16-May-2014,109.22,109.35,109.17,109.2,558600
AGG,19-May-2014,109.34,109.39,109.15,109.16,945800
AGG,20-May-2014,109.16,109.31,109.16,109.21,1102200
AGG,21-May-2014,109.15,109.18,109.08,109.17,804400
AGG,22-May-2014,109.14,109.18,109.06,109.12,633800
AGG,23-May-2014,109.18,109.25,109.14,109.23,435500
AGG,26-May-2014,109.23,109.23,109.23,109.23,0
AGG,27-May-2014,109.25,109.33,109.1,109.33,762600
AGG,28-May-2014,109.49,109.69,109.43,109.63,692200
AGG,29-May-2014,109.74,109.83,109.54,109.57,981300
AGG,30-May-2014,109.52,109.67,109.45,109.67,5554700
AGG,02-Jun-2014,109.29,109.36,109.09,109.13,2822900
AGG,03-Jun-2014,109.02,109.04,108.78,108.84,864500
AGG,04-Jun-2014,108.88,108.88,108.73,108.8,1445700
AGG,05-Jun-2014,108.82,108.98,108.77,108.94,643400
AGG,06-Jun-2014,109.1,109.12,108.88,108.88,839400
AGG,09-Jun-2014,108.84,108.87,108.76,108.78,1133300
AGG,10-Jun-2014,108.66,108.74,108.62,108.62,823200
AGG,11-Jun-2014,108.73,108.78,108.64,108.7,1171100
AGG,12-Jun-2014,108.74,109,108.68,108.91,1224200
AGG,13-Jun-2014,108.75,108.91,108.71,108.88,1040900
AGG,16-Jun-2014,108.87,108.96,108.8,108.82,1308900
AGG,17-Jun-2014,108.76,108.79,108.61,108.62,842300
AGG,18-Jun-2014,108.73,108.91,108.64,108.91,504400
AGG,19-Jun-2014,109,109.03,108.68,108.75,690000
AGG,20-Jun-2014,108.73,108.94,108.73,108.94,690600
AGG,23-Jun-2014,108.99,109.02,108.84,108.84,559600
AGG,24-Jun-2014,109.01,109.05,108.88,109.03,740700
AGG,25-Jun-2014,109.2,109.28,109.11,109.18,713600
AGG,26-Jun-2014,109.25,109.41,109.25,109.39,673700
AGG,27-Jun-2014,109.45,109.5,109.35,109.39,668200
AGG,30-Jun-2014,109.47,109.5,109.36,109.4,1046800
AGG,01-Jul-2014,109.11,109.18,109.05,109.07,1038400
AGG,02-Jul-2014,108.93,108.94,108.69,108.69,1381400
AGG,03-Jul-2014,108.55,108.66,108.47,108.62,634400
AGG,04-Jul-2014,108.62,108.62,108.62,108.62,0
AGG,07-Jul-2014,108.68,108.75,108.62,108.65,1253200
AGG,08-Jul-2014,108.84,108.98,108.84,108.87,2023900
AGG,09-Jul-2014,108.86,109.04,108.78,108.96,785500
AGG,10-Jul-2014,109.18,109.19,109.01,109.01,791500
AGG,11-Jul-2014,109.16,109.27,109.14,109.16,606800
AGG,14-Jul-2014,109.11,109.13,109,109.07,710400
AGG,15-Jul-2014,108.99,109.16,108.9,108.93,660100
AGG,16-Jul-2014,109.01,109.05,108.96,109.02,725500
AGG,17-Jul-2014,109.22,109.38,109.12,109.34,1158300
AGG,18-Jul-2014,109.28,109.33,109.18,109.22,543600
AGG,21-Jul-2014,109.35,109.45,109.26,109.26,585600
AGG,22-Jul-2014,109.38,109.45,109.28,109.44,724700
AGG,23-Jul-2014,109.5,109.55,109.41,109.46,711800
AGG,24-Jul-2014,109.32,109.32,109.12,109.12,853400
AGG,25-Jul-2014,109.36,109.39,109.26,109.33,506200
AGG,28-Jul-2014,109.37,109.43,109.27,109.35,673000
AGG,29-Jul-2014,109.45,109.52,109.34,109.46,2977100
AGG,30-Jul-2014,109.25,109.29,109.02,109.07,1245000
AGG,31-Jul-2014,108.9,109.09,108.88,108.93,1066300
AGG,01-Aug-2014,108.89,109.19,108.76,109.14,1064300
AGG,04-Aug-2014,109.2,109.28,109.12,109.12,1496900
AGG,05-Aug-2014,109.12,109.2,108.95,109.12,1875100
AGG,06-Aug-2014,109.25,109.27,109.11,109.13,708700
AGG,07-Aug-2014,109.19,109.4,109.1,109.34,1246400
AGG,08-Aug-2014,109.47,109.63,109.35,109.38,1339200
AGG,11-Aug-2014,109.4,109.49,109.35,109.39,1632900
AGG,12-Aug-2014,109.44,109.44,109.31,109.34,876000
AGG,13-Aug-2014,109.44,109.57,109.39,109.56,3471700
AGG,14-Aug-2014,109.65,109.68,109.54,109.62,1072800
AGG,15-Aug-2014,109.66,110.12,109.6,109.89,2593200
AGG,18-Aug-2014,109.79,109.82,109.62,109.66,1424300
AGG,19-Aug-2014,109.76,109.8,109.49,109.51,1820700
AGG,20-Aug-2014,109.54,109.54,109.36,109.39,929400
AGG,21-Aug-2014,109.48,109.6,109.45,109.58,775500
AGG,22-Aug-2014,109.53,109.61,109.35,109.56,801900
AGG,25-Aug-2014,109.61,109.69,109.52,109.65,3473700
AGG,26-Aug-2014,109.73,109.73,109.61,109.66,543300
AGG,27-Aug-2014,109.73,109.85,109.7,109.8,866100
AGG,28-Aug-2014,109.96,110.05,109.89,110.02,1123700
AGG,29-Aug-2014,110,110.09,109.94,109.98,1473300
AGG,01-Sep-2014,109.98,109.98,109.98,109.98,0
AGG,02-Sep-2014,109.56,109.63,109.45,109.45,1029200
AGG,03-Sep-2014,109.39,109.58,109.37,109.57,1311600
AGG,04-Sep-2014,109.44,109.54,109.31,109.43,1308900
AGG,05-Sep-2014,109.44,109.54,109.29,109.37,798400
AGG,08-Sep-2014,109.49,109.54,109.26,109.26,895200
AGG,09-Sep-2014,109.17,109.23,109.09,109.11,689500
AGG,10-Sep-2014,108.98,109.01,108.91,108.96,974300
AGG,11-Sep-2014,109.01,109.06,108.83,108.85,753400
AGG,12-Sep-2014,108.69,108.74,108.6,108.63,1327600
AGG,15-Sep-2014,108.71,108.76,108.59,108.61,1210700
AGG,16-Sep-2014,108.7,108.77,108.61,108.61,850900
AGG,17-Sep-2014,108.74,108.84,108.48,108.49,707200
AGG,18-Sep-2014,108.5,108.55,108.45,108.5,707500
AGG,19-Sep-2014,108.56,108.73,108.51,108.68,929800
AGG,22-Sep-2014,108.86,108.91,108.76,108.83,592300
AGG,23-Sep-2014,108.91,108.95,108.83,108.93,705200
AGG,24-Sep-2014,109.08,109.08,108.84,108.86,836700
AGG,25-Sep-2014,108.98,109.1,108.98,109.07,1161800
AGG,26-Sep-2014,109.08,109.09,108.88,109.06,1729400
AGG,29-Sep-2014,109.16,109.24,109.06,109.18,7243700
AGG,30-Sep-2014,109.19,109.28,109.09,109.11,2335300
AGG,01-Oct-2014,109.2,109.54,109.2,109.53,6605100
AGG,02-Oct-2014,109.56,109.63,109.35,109.35,4826800
AGG,03-Oct-2014,109.27,109.36,109.2,109.3,2928900
AGG,06-Oct-2014,109.4,109.55,109.31,109.4,2145800
AGG,07-Oct-2014,109.61,109.85,109.56,109.82,2328400
AGG,08-Oct-2014,109.9,110.14,109.68,110.13,2477800
AGG,09-Oct-2014,110,110.07,109.87,109.91,1502800
AGG,10-Oct-2014,109.96,110.03,109.87,109.99,1734400
AGG,13-Oct-2014,110.15,110.34,110.04,110.31,1098500
AGG,14-Oct-2014,110.5,110.58,110.28,110.56,3518400
AGG,15-Oct-2014,111.2,112.08,110.63,110.76,2275300
AGG,16-Oct-2014,111,111.15,110.54,110.67,1792800
AGG,17-Oct-2014,110.51,110.65,110.4,110.52,2065700
AGG,20-Oct-2014,110.69,110.73,110.57,110.65,1518200
AGG,21-Oct-2014,110.55,110.68,110.49,110.55,2624900
AGG,22-Oct-2014,110.5,110.54,110.4,110.49,3179100
AGG,23-Oct-2014,110.36,110.36,110.13,110.23,1863100
AGG,24-Oct-2014,110.27,110.35,110.15,110.27,1188900
AGG,27-Oct-2014,110.28,110.33,110.19,110.31,1073000
AGG,28-Oct-2014,110.21,110.25,110.1,110.14,1128600
AGG,29-Oct-2014,110.03,110.16,109.85,109.9,1591000
AGG,30-Oct-2014,110.05,110.19,110.03,110.08,2479400
AGG,31-Oct-2014,109.93,110.08,109.9,110.08,3145100
AGG,03-Nov-2014,109.83,109.85,109.56,109.68,2282300
AGG,04-Nov-2014,109.7,109.86,109.67,109.69,2346200
AGG,05-Nov-2014,109.65,109.74,109.59,109.73,2699500
AGG,06-Nov-2014,109.52,109.67,109.5,109.54,1391400
AGG,07-Nov-2014,109.6,109.92,109.6,109.91,1661400
AGG,10-Nov-2014,109.9,109.91,109.65,109.65,846800
AGG,11-Nov-2014,109.66,109.71,109.59,109.7,1138400
AGG,12-Nov-2014,109.74,109.88,109.66,109.71,1123700
AGG,13-Nov-2014,109.75,109.8,109.66,109.76,860700
AGG,14-Nov-2014,109.68,109.94,109.64,109.86,1073000
AGG,17-Nov-2014,109.96,109.96,109.72,109.73,1403000
AGG,18-Nov-2014,109.82,109.88,109.77,109.83,1318300
AGG,19-Nov-2014,109.64,109.84,109.56,109.57,1361700
AGG,20-Nov-2014,109.82,109.93,109.69,109.77,1155700
AGG,21-Nov-2014,109.92,109.96,109.84,109.9,1294900
AGG,24-Nov-2014,109.85,110.04,109.84,109.94,1355100
AGG,25-Nov-2014,109.96,110.22,109.96,110.18,3187700
AGG,26-Nov-2014,110.26,110.34,110.24,110.27,1205600
AGG,27-Nov-2014,110.27,110.27,110.27,110.27,0
AGG,28-Nov-2014,110.43,110.62,110.4,110.61,2072700
AGG,01-Dec-2014,110.39,110.6,110.08,110.08,2811700
AGG,02-Dec-2014,109.99,109.99,109.81,109.86,1469400
AGG,03-Dec-2014,109.83,109.87,109.73,109.76,1998000
AGG,04-Dec-2014,109.85,110.11,109.78,110.09,3001600
AGG,05-Dec-2014,109.87,109.94,109.61,109.62,3477600
AGG,08-Dec-2014,109.81,110,109.56,109.89,984100
AGG,09-Dec-2014,110.14,110.23,109.95,110.06,1203000
AGG,10-Dec-2014,110,110.31,109.98,110.25,1207900
AGG,11-Dec-2014,110.15,110.23,110.02,110.21,1447600
AGG,12-Dec-2014,110.5,110.66,110.31,110.56,1714100
AGG,15-Dec-2014,110.38,110.54,110.25,110.26,2540600
AGG,16-Dec-2014,110.6,110.6,110.32,110.53,1411600
AGG,17-Dec-2014,110.5,110.68,110.28,110.39,2167400
AGG,18-Dec-2014,110.17,110.22,110.06,110.1,1865700
AGG,19-Dec-2014,110.08,110.38,110.08,110.28,1865000
AGG,22-Dec-2014,110.35,110.46,110.27,110.45,3827800
AGG,23-Dec-2014,110.3,110.39,109.9,109.94,2790700
AGG,24-Dec-2014,109.63,109.71,109.46,109.69,922000
AGG,25-Dec-2014,109.69,109.69,109.69,109.69,0
AGG,26-Dec-2014,109.72,109.87,109.62,109.74,1124900
AGG,29-Dec-2014,109.94,110.05,109.83,109.97,2199200
AGG,30-Dec-2014,110.24,110.26,110.01,110.09,2069500
AGG,31-Dec-2014,110.14,110.26,110.1,110.12,2493800
AGG,01-Jan-2015,110.12,110.12,110.12,110.12,0
AGG,02-Jan-2015,110.18,110.5,110.18,110.43,2090200
AGG,05-Jan-2015,110.58,110.76,110.48,110.67,3446200
AGG,06-Jan-2015,110.96,111.35,110.89,110.95,3688000
AGG,07-Jan-2015,110.98,111.04,110.74,110.93,3984300
AGG,08-Jan-2015,110.84,110.84,110.63,110.76,2212100
AGG,09-Jan-2015,110.89,111.14,110.73,111.03,1322500
AGG,12-Jan-2015,111.13,111.26,111.08,111.12,2185600
AGG,13-Jan-2015,111.15,111.33,111.03,111.15,5536900
AGG,14-Jan-2015,111.64,111.65,111.4,111.42,3043600
AGG,15-Jan-2015,111.49,111.94,111.49,111.93,2084000
AGG,16-Jan-2015,111.68,111.83,111.42,111.5,2744500
AGG,19-Jan-2015,111.5,111.5,111.5,111.5,0
AGG,20-Jan-2015,111.75,111.84,111.55,111.69,2059300
AGG,21-Jan-2015,111.77,111.81,111.39,111.49,2020100
AGG,22-Jan-2015,111.72,111.72,111.29,111.43,2030400
AGG,23-Jan-2015,111.65,111.81,111.54,111.71,1535000
AGG,26-Jan-2015,111.79,111.79,111.45,111.66,2705200
AGG,27-Jan-2015,111.97,111.97,111.55,111.6,1635900
AGG,28-Jan-2015,111.7,112.22,111.67,112.07,1327700
AGG,29-Jan-2015,111.93,112.06,111.82,111.98,1752500
AGG,30-Jan-2015,112.35,112.52,112.24,112.38,6252800
AGG,02-Feb-2015,112.21,112.23,112,112.2,2792100
AGG,03-Feb-2015,112.1,112.1,111.76,111.77,1815300
AGG,04-Feb-2015,111.64,111.95,111.5,111.94,1953000
AGG,05-Feb-2015,111.8,111.85,111.57,111.71,2409500
AGG,06-Feb-2015,111.4,111.41,111.03,111.06,2531300
AGG,09-Feb-2015,111.27,111.31,111.04,111.04,1724900
AGG,10-Feb-2015,110.96,111.06,110.82,110.92,1272500
AGG,11-Feb-2015,110.88,110.99,110.74,110.87,1803400
AGG,12-Feb-2015,110.91,111.12,110.87,110.89,2123700
AGG,13-Feb-2015,110.95,110.97,110.71,110.76,1706100
AGG,16-Feb-2015,110.76,110.76,110.76,110.76,0
AGG,17-Feb-2015,110.67,110.73,110.24,110.31,2043000
AGG,18-Feb-2015,110.39,110.75,110.31,110.62,1442400
AGG,19-Feb-2015,110.62,110.76,110.48,110.53,1442900
AGG,20-Feb-2015,110.68,110.88,110.37,110.55,2280700
AGG,23-Feb-2015,110.69,110.8,110.66,110.75,1688200
AGG,24-Feb-2015,110.74,111.27,110.55,111.24,1736700
AGG,25-Feb-2015,111.2,111.32,111.07,111.32,2319200
AGG,26-Feb-2015,111.2,111.28,110.86,110.92,1837200
AGG,27-Feb-2015,111.14,111.22,110.89,111.2,3816400
AGG,02-Mar-2015,110.99,110.99,110.45,110.45,7881800
AGG,03-Mar-2015,110.44,110.57,110.31,110.31,4228300
AGG,04-Mar-2015,110.41,110.51,110.28,110.37,1477000
AGG,05-Mar-2015,110.43,110.54,110.3,110.42,1053000
AGG,06-Mar-2015,110.08,110.09,109.6,109.7,1872800
AGG,09-Mar-2015,110.08,110.17,109.91,109.98,2724600
AGG,10-Mar-2015,110.23,110.36,110.15,110.24,1708100
AGG,11-Mar-2015,110.21,110.53,110.21,110.46,1171600
AGG,12-Mar-2015,110.69,110.72,110.42,110.55,1416600
AGG,13-Mar-2015,110.44,110.63,110.25,110.34,3235500
AGG,16-Mar-2015,110.62,110.67,110.42,110.58,1305700
AGG,17-Mar-2015,110.61,110.68,110.54,110.56,1423600
AGG,18-Mar-2015,110.79,111.39,110.58,111.37,1997800
AGG,19-Mar-2015,111.24,111.3,110.94,110.98,1929600
AGG,20-Mar-2015,111.23,111.34,111.18,111.32,3833600
AGG,23-Mar-2015,111.37,111.4,111.23,111.34,1120800
AGG,24-Mar-2015,111.48,111.67,111.37,111.64,2647300
AGG,25-Mar-2015,111.7,111.75,111.43,111.43,1612300
AGG,26-Mar-2015,111.31,111.36,111,111.03,1377500
AGG,27-Mar-2015,111.18,111.34,111.16,111.19,5610200
AGG,30-Mar-2015,111.34,111.34,111.16,111.24,1310700
AGG,31-Mar-2015,111.27,111.45,111.18,111.43,2958000
AGG,01-Apr-2015,111.42,111.63,111.31,111.58,1927300
AGG,02-Apr-2015,111.57,111.57,111.38,111.43,1761700
AGG,03-Apr-2015,111.43,111.43,111.43,111.43,0
AGG,06-Apr-2015,111.78,111.78,111.37,111.5,1430900
AGG,07-Apr-2015,111.45,111.57,111.28,111.52,1415100
AGG,08-Apr-2015,111.56,111.59,111.36,111.53,903000
AGG,09-Apr-2015,111.55,111.56,111.17,111.25,1728400
AGG,10-Apr-2015,111.43,111.46,111.2,111.25,2055600
AGG,13-Apr-2015,111.25,111.37,111.25,111.37,950900
AGG,14-Apr-2015,111.7,111.79,111.49,111.49,1157300
AGG,15-Apr-2015,111.66,111.71,111.55,111.64,1296800
AGG,16-Apr-2015,111.7,111.7,111.4,111.58,1000800
AGG,17-Apr-2015,111.48,111.8,111.46,111.67,1274200
AGG,20-Apr-2015,111.67,111.73,111.47,111.59,1289400
AGG,21-Apr-2015,111.57,111.6,111.44,111.47,1522600
AGG,22-Apr-2015,111.44,111.44,111.1,111.14,916400
AGG,23-Apr-2015,111.15,111.42,111.14,111.31,1483900
AGG,24-Apr-2015,111.48,111.57,111.41,111.5,837700
AGG,27-Apr-2015,111.51,111.56,111.34,111.54,1595500
AGG,28-Apr-2015,111.34,111.44,111.11,111.11,1602000
AGG,29-Apr-2015,110.86,110.97,110.7,110.86,1313200
AGG,30-Apr-2015,110.69,110.92,110.51,110.86,3328500
AGG,01-May-2015,110.42,110.53,110.25,110.34,1357100
AGG,04-May-2015,110.42,110.47,110.12,110.13,1651900
AGG,05-May-2015,110.19,110.22,109.84,110.03,1481200
AGG,06-May-2015,109.95,109.97,109.61,109.66,1566000
AGG,07-May-2015,109.85,110.04,109.76,109.93,1986200
AGG,08-May-2015,110.36,110.43,110.21,110.29,1933600
AGG,11-May-2015,110.02,110.06,109.57,109.59,2984800
AGG,12-May-2015,109.5,109.76,109.38,109.58,1394800
AGG,13-May-2015,109.91,109.92,109.45,109.57,2441600
AGG,14-May-2015,109.65,109.79,109.58,109.74,1796900
AGG,15-May-2015,109.96,110.22,109.88,110.2,1047400
AGG,18-May-2015,109.93,110.01,109.76,109.78,863800
AGG,19-May-2015,109.46,109.71,109.39,109.4,1664300
AGG,20-May-2015,109.58,109.69,109.46,109.57,1584100
AGG,21-May-2015,109.65,109.93,109.65,109.91,2652500
AGG,22-May-2015,109.85,109.86,109.62,109.79,1086900
AGG,25-May-2015,109.79,109.79,109.79,109.79,0
AGG,26-May-2015,109.8,110.1,109.75,110.06,2774900
AGG,27-May-2015,110.06,110.19,109.9,110.17,888600
AGG,28-May-2015,110.14,110.22,110.05,110.13,1298900
AGG,29-May-2015,110.18,110.3,110.08,110.17,2780200
AGG,01-Jun-2015,109.86,109.99,109.56,109.66,4327300
AGG,02-Jun-2015,109.43,109.45,109.17,109.23,1830400
AGG,03-Jun-2015,108.98,109.01,108.67,108.8,3413100
AGG,04-Jun-2015,108.89,109.17,108.89,109.03,1907800
AGG,05-Jun-2015,108.63,108.79,108.51,108.55,1619000
AGG,08-Jun-2015,108.76,108.8,108.66,108.71,1289700
AGG,09-Jun-2015,108.6,108.65,108.32,108.4,1206600
AGG,10-Jun-2015,108.24,108.3,108.04,108.13,1491200
AGG,11-Jun-2015,108.33,108.71,108.28,108.71,1539600
AGG,12-Jun-2015,108.68,108.9,108.52,108.58,1365900
AGG,15-Jun-2015,108.96,108.96,108.63,108.71,1666500
AGG,16-Jun-2015,108.83,108.89,108.68,108.89,1309800
AGG,17-Jun-2015,108.84,108.9,108.44,108.9,1895600
AGG,18-Jun-2015,108.81,108.87,108.62,108.87,2917400
AGG,19-Jun-2015,109.1,109.26,109.04,109.21,2048400
AGG,22-Jun-2015,108.95,109,108.64,108.67,1173800
AGG,23-Jun-2015,108.41,108.64,108.35,108.42,1339000
AGG,24-Jun-2015,108.52,108.68,108.45,108.59,1527800
AGG,25-Jun-2015,108.58,108.6,108.39,108.47,1222000
AGG,26-Jun-2015,108.29,108.31,108.11,108.21,1054900
AGG,29-Jun-2015,108.6,108.94,108.38,108.85,3278900
AGG,30-Jun-2015,108.61,109,108.61,108.78,2159400
AGG,01-Jul-2015,108.33,108.38,108.15,108.29,6010300
AGG,02-Jul-2015,108.48,108.6,108.43,108.44,994600
AGG,03-Jul-2015,108.44,108.44,108.44,108.44,0
AGG,06-Jul-2015,108.86,108.99,108.63,108.83,1107900
AGG,07-Jul-2015,109.12,109.38,108.96,108.98,2502400
AGG,08-Jul-2015,109.16,109.36,109.03,109.24,2892800
AGG,09-Jul-2015,109.09,109.09,108.82,108.84,1932800
AGG,10-Jul-2015,108.51,108.58,108.28,108.38,2163600
AGG,13-Jul-2015,108.24,108.37,108.14,108.22,1938300
AGG,14-Jul-2015,108.43,108.5,108.32,108.4,1441400
AGG,15-Jul-2015,108.36,108.72,108.36,108.69,1781300
AGG,16-Jul-2015,108.5,108.79,108.5,108.78,1294700
AGG,17-Jul-2015,108.73,108.86,108.72,108.79,897600
AGG,20-Jul-2015,108.67,108.72,108.55,108.6,1245000
AGG,21-Jul-2015,108.54,108.85,108.51,108.78,1191500
AGG,22-Jul-2015,108.83,108.99,108.82,108.83,1099900
AGG,23-Jul-2015,108.86,109.15,108.81,109.14,1021300
AGG,24-Jul-2015,109.23,109.24,109.06,109.12,1192400
AGG,27-Jul-2015,109.25,109.35,109.21,109.26,2665900
AGG,28-Jul-2015,109.13,109.22,109.09,109.15,1873200
AGG,29-Jul-2015,109.09,109.12,108.94,109.06,2273500
AGG,30-Jul-2015,109.08,109.15,108.97,109.07,1959000
AGG,31-Jul-2015,109.44,109.51,109.35,109.5,2084300
AGG,03-Aug-2015,109.29,109.54,109.19,109.4,2563900
AGG,04-Aug-2015,109.35,109.43,109.07,109.08,1659900
AGG,05-Aug-2015,108.94,109.08,108.72,108.88,2346500
AGG,06-Aug-2015,108.93,109.1,108.9,109.01,1038100
AGG,07-Aug-2015,109.14,109.28,109.03,109.2,2154700
AGG,10-Aug-2015,109.15,109.17,108.85,109.06,1280200
AGG,11-Aug-2015,109.42,109.58,109.28,109.42,1537300
AGG,12-Aug-2015,109.55,109.71,109.35,109.35,1563800
AGG,13-Aug-2015,109.36,109.37,109.11,109.12,1571700
AGG,14-Aug-2015,109.12,109.24,109.02,109.07,1890400
AGG,17-Aug-2015,109.33,109.4,109.2,109.26,1387000
AGG,18-Aug-2015,109.19,109.24,109.04,109.06,785300
AGG,19-Aug-2015,109.04,109.48,108.96,109.4,2184800
AGG,20-Aug-2015,109.58,109.64,109.45,109.57,1075600
AGG,21-Aug-2015,109.68,109.86,109.57,109.76,2443400
AGG,24-Aug-2015,110,110.34,109.57,109.72,5440200
AGG,25-Aug-2015,109.7,109.7,109.13,109.46,4069900
AGG,26-Aug-2015,109.08,109.41,108.88,108.95,3994200
AGG,27-Aug-2015,108.95,109.2,108.93,109.1,4040500
AGG,28-Aug-2015,109.34,109.37,108.93,109,4774600
AGG,31-Aug-2015,109.28,109.37,108.9,108.92,4145600
AGG,01-Sep-2015,108.89,109.11,108.77,109.02,3386000
AGG,02-Sep-2015,108.92,109.05,108.81,108.88,3442000
AGG,03-Sep-2015,109.06,109.12,108.87,109.04,1935100
AGG,04-Sep-2015,109.19,109.33,109.02,109.27,1748000
AGG,07-Sep-2015,109.27,109.27,109.27,109.27,0
AGG,08-Sep-2015,108.96,109.04,108.91,109.01,2130300
AGG,09-Sep-2015,108.78,109.08,108.7,109.05,2891400
AGG,10-Sep-2015,109,109.01,108.81,108.93,2564300
AGG,11-Sep-2015,109.05,109.17,109.01,109.06,2001600
AGG,14-Sep-2015,109.18,109.2,109.04,109.09,1543500
AGG,15-Sep-2015,109,109,108.5,108.6,1541100
AGG,16-Sep-2015,108.59,108.66,108.41,108.51,1810000
AGG,17-Sep-2015,108.48,109.19,108.4,109.19,1955300
AGG,18-Sep-2015,109.26,109.39,109.15,109.28,4510500
AGG,21-Sep-2015,109.17,109.17,108.88,108.99,2325800
AGG,22-Sep-2015,109.19,109.39,109.12,109.25,2044800
AGG,23-Sep-2015,109.29,109.29,109.1,109.16,1562000
AGG,24-Sep-2015,109.49,109.51,109.24,109.3,2699900
AGG,25-Sep-2015,109.16,109.23,109.03,109.11,1225400
AGG,28-Sep-2015,109.19,109.41,109.11,109.37,1884300
AGG,29-Sep-2015,109.44,109.6,109.37,109.54,1506700
AGG,30-Sep-2015,109.47,109.63,109.44,109.58,3121500
AGG,01-Oct-2015,109.48,109.65,109.45,109.46,4274900
AGG,02-Oct-2015,109.85,110.15,109.7,109.79,3553200
AGG,05-Oct-2015,109.63,109.68,109.37,109.38,4604500
AGG,06-Oct-2015,109.47,109.69,109.37,109.65,5013700
AGG,07-Oct-2015,109.55,109.68,109.48,109.57,1983200
AGG,08-Oct-2015,109.7,109.7,109.3,109.42,2038600
AGG,09-Oct-2015,109.32,109.47,109.24,109.33,3235500
AGG,12-Oct-2015,109.48,109.65,109.33,109.61,1268800
AGG,13-Oct-2015,109.75,109.75,109.49,109.62,1500100
AGG,14-Oct-2015,109.83,110.05,109.73,110.03,3911900
AGG,15-Oct-2015,109.93,110.05,109.79,109.88,2044800
AGG,16-Oct-2015,109.9,109.94,109.77,109.77,1629900
AGG,19-Oct-2015,109.78,109.9,109.65,109.88,1534800
AGG,20-Oct-2015,109.78,109.78,109.55,109.66,1805300
AGG,21-Oct-2015,109.73,109.95,109.73,109.92,1278200
AGG,22-Oct-2015,109.9,110.05,109.83,109.94,2276200
AGG,23-Oct-2015,109.79,109.79,109.69,109.75,2237300
AGG,26-Oct-2015,109.85,109.9,109.74,109.8,1541200
AGG,27-Oct-2015,110.03,110.03,109.88,109.96,2021800
AGG,28-Oct-2015,109.98,110.05,109.57,109.63,1661200
AGG,29-Oct-2015,109.34,109.42,109.13,109.16,2333200
AGG,30-Oct-2015,109.19,109.46,109.15,109.45,10576900
AGG,02-Nov-2015,109.08,109.19,108.98,109.02,8049300
AGG,03-Nov-2015,108.95,109,108.79,108.82,3033400
AGG,04-Nov-2015,108.91,108.99,108.71,108.82,3542500
AGG,05-Nov-2015,108.87,108.89,108.6,108.77,2185900
AGG,06-Nov-2015,108.36,108.39,108.19,108.25,1829400
AGG,09-Nov-2015,108.06,108.36,108.04,108.18,12843200
AGG,10-Nov-2015,108.29,108.48,108.2,108.38,5233100
AGG,11-Nov-2015,108.32,108.37,108.24,108.24,1603300
AGG,12-Nov-2015,108.35,108.45,108.21,108.34,3448600
AGG,13-Nov-2015,108.48,108.59,108.45,108.55,3784100
AGG,16-Nov-2015,108.63,108.7,108.56,108.64,3326000
AGG,17-Nov-2015,108.49,108.78,108.42,108.72,2461300
AGG,18-Nov-2015,108.65,108.71,108.54,108.64,1952000
AGG,19-Nov-2015,108.9,108.9,108.68,108.69,4232700
AGG,20-Nov-2015,108.77,108.82,108.6,108.62,2034400
AGG,23-Nov-2015,108.65,108.76,108.57,108.65,1975900
AGG,24-Nov-2015,108.75,108.8,108.66,108.75,1335200
AGG,25-Nov-2015,108.77,108.84,108.69,108.8,1169200
AGG,26-Nov-2015,108.8,108.8,108.8,108.8,0
AGG,27-Nov-2015,108.85,108.87,108.77,108.77,946000
AGG,30-Nov-2015,108.83,108.87,108.77,108.81,2397000
AGG,01-Dec-2015,108.54,108.84,108.43,108.82,4259900
AGG,02-Dec-2015,108.73,108.78,108.61,108.69,2462700
AGG,03-Dec-2015,108.41,108.41,107.81,107.89,4634000
AGG,04-Dec-2015,108.05,108.3,108,108.24,2182000
AGG,07-Dec-2015,108.3,108.58,108.23,108.4,2143700
AGG,08-Dec-2015,108.59,108.6,108.37,108.44,2311700
AGG,09-Dec-2015,108.34,108.58,108.21,108.44,2791000
AGG,10-Dec-2015,108.51,108.51,108.36,108.42,2001500
AGG,11-Dec-2015,108.7,108.86,108.57,108.69,2321300
AGG,14-Dec-2015,108.53,108.58,108.17,108.18,3351800
AGG,15-Dec-2015,108.08,108.19,107.91,108.19,2955900
AGG,16-Dec-2015,108.12,108.27,107.93,108,2946700
AGG,17-Dec-2015,108.24,108.3,108.02,108.15,5407800
AGG,18-Dec-2015,108.35,108.46,108.25,108.38,4006400
AGG,21-Dec-2015,108.49,108.54,108.24,108.28,3233500
AGG,22-Dec-2015,108.27,108.28,108.12,108.2,4507600
AGG,23-Dec-2015,108.01,108.19,108,108.18,3599500
AGG,24-Dec-2015,107.95,108.05,107.92,108.01,1248800
AGG,25-Dec-2015,108.01,108.01,108.01,108.01,0
AGG,28-Dec-2015,108.03,108.13,107.99,108.01,3736400
AGG,29-Dec-2015,107.92,107.98,107.62,107.74,3094600
AGG,30-Dec-2015,107.64,107.78,107.6,107.72,3731300
AGG,31-Dec-2015,107.87,108.03,107.82,108.01,3406100
AGG,01-Jan-2016,108.01,108.01,108.01,108.01,0
AGG,04-Jan-2016,108.09,108.29,107.93,107.97,3690900
AGG,05-Jan-2016,107.87,108.12,107.87,108.02,2732800
AGG,06-Jan-2016,108.34,108.46,108.22,108.43,2916000
AGG,07-Jan-2016,108.4,108.47,108.21,108.42,2469000
AGG,08-Jan-2016,108.57,108.71,108.35,108.66,4017100
AGG,11-Jan-2016,108.39,108.59,108.34,108.35,2820500
AGG,12-Jan-2016,108.44,108.82,108.36,108.59,3318400
AGG,13-Jan-2016,108.6,108.93,108.55,108.84,3011400
AGG,14-Jan-2016,108.79,108.89,108.58,108.8,5322700
AGG,15-Jan-2016,109.08,109.12,108.83,108.93,3348800
AGG,18-Jan-2016,108.93,108.93,108.93,108.93,0
AGG,19-Jan-2016,108.85,108.96,108.72,108.82,4209800
AGG,20-Jan-2016,109.1,109.18,108.87,108.91,4349900
AGG,21-Jan-2016,109.08,109.08,108.74,108.76,7256000
AGG,22-Jan-2016,108.72,108.85,108.59,108.84,3258700
AGG,25-Jan-2016,108.95,108.98,108.77,108.78,3285000
AGG,26-Jan-2016,108.9,109,108.77,108.92,2604100
AGG,27-Jan-2016,108.91,109.01,108.72,108.94,1645300
AGG,28-Jan-2016,108.99,109.1,108.82,109.03,2390600
AGG,29-Jan-2016,109.41,109.48,109.25,109.35,8632900
AGG,01-Feb-2016,109.1,109.25,108.84,108.99,4512300
AGG,02-Feb-2016,109.23,109.38,109.13,109.32,4835100
AGG,03-Feb-2016,109.26,109.64,109.2,109.31,3700200
AGG,04-Feb-2016,109.34,109.46,109.24,109.42,1880300
AGG,05-Feb-2016,109.24,109.44,109.15,109.32,2155500
AGG,08-Feb-2016,109.59,109.87,109.5,109.74,2818700
AGG,09-Feb-2016,109.92,109.93,109.66,109.73,3023800
AGG,10-Feb-2016,109.82,110,109.6,110,2318900
AGG,11-Feb-2016,110.41,110.5,110.01,110.07,2928000
AGG,12-Feb-2016,109.92,109.96,109.54,109.77,2968900
AGG,15-Feb-2016,109.77,109.77,109.77,109.77,0
AGG,16-Feb-2016,109.54,109.61,109.43,109.5,2356300
AGG,17-Feb-2016,109.43,109.46,109.22,109.44,2446700
AGG,18-Feb-2016,109.5,109.81,109.45,109.77,2844500
AGG,19-Feb-2016,109.8,109.85,109.64,109.79,2278700
AGG,22-Feb-2016,109.77,109.88,109.72,109.82,2421700
AGG,23-Feb-2016,109.63,110,109.52,109.84,2337700
AGG,24-Feb-2016,110.12,110.32,109.84,109.88,2473500
AGG,25-Feb-2016,110.09,110.31,110,110.16,2335900
AGG,26-Feb-2016,109.9,109.97,109.8,109.96,2068200
AGG,29-Feb-2016,109.94,110.1,109.91,110.09,3694100
AGG,01-Mar-2016,109.93,110.05,109.4,109.54,3984500
AGG,02-Mar-2016,109.45,109.48,109.32,109.42,2624400
AGG,03-Mar-2016,109.47,109.61,109.37,109.55,3632800
AGG,04-Mar-2016,109.5,109.58,109.28,109.38,4461100
AGG,07-Mar-2016,109.39,109.39,109.21,109.35,2823200
AGG,08-Mar-2016,109.73,109.83,109.56,109.62,1984200
AGG,09-Mar-2016,109.56,109.66,109.45,109.57,1468600
AGG,10-Mar-2016,109.65,109.74,109.38,109.62,2828700
AGG,11-Mar-2016,109.65,109.71,109.39,109.42,2065000
AGG,14-Mar-2016,109.49,109.6,109.45,109.48,2186800
AGG,15-Mar-2016,109.68,109.7,109.38,109.38,1746100
AGG,16-Mar-2016,109.39,109.86,109.29,109.85,1888500
AGG,17-Mar-2016,109.95,110.13,109.9,110.08,4116500
AGG,18-Mar-2016,110.19,110.29,110.12,110.17,1909600
AGG,21-Mar-2016,110.06,110.13,109.91,109.93,2152200
AGG,22-Mar-2016,110.27,110.27,109.83,109.86,2023000
AGG,23-Mar-2016,109.96,110.14,109.86,110.1,2885000
AGG,24-Mar-2016,110.29,110.29,110.03,110.11,2846400
AGG,25-Mar-2016,110.11,110.11,110.11,110.11,0
AGG,28-Mar-2016,110.15,110.3,110.08,110.19,2918000
AGG,29-Mar-2016,110.35,110.57,110.21,110.52,1886200
AGG,30-Mar-2016,110.49,110.56,110.31,110.48,2764500
AGG,31-Mar-2016,110.52,110.85,110.52,110.83,7003500
AGG,01-Apr-2016,110.53,110.66,110.35,110.51,5374200
AGG,04-Apr-2016,110.6,110.67,110.51,110.62,3176100
AGG,05-Apr-2016,110.95,110.98,110.71,110.77,2954100
AGG,06-Apr-2016,110.8,110.8,110.62,110.75,2027400
AGG,07-Apr-2016,110.98,111.05,110.77,110.99,1876100
AGG,08-Apr-2016,111,111,110.81,110.88,2318300
AGG,11-Apr-2016,110.87,110.96,110.76,110.96,1718400
AGG,12-Apr-2016,110.85,110.86,110.65,110.78,1984500
AGG,13-Apr-2016,110.74,110.92,110.68,110.83,1769200
AGG,14-Apr-2016,110.76,110.81,110.64,110.64,3596500
AGG,15-Apr-2016,110.8,110.98,110.75,110.95,1579600
AGG,18-Apr-2016,110.91,110.95,110.79,110.94,2146500
AGG,19-Apr-2016,110.94,111,110.77,110.93,2019100
AGG,20-Apr-2016,111.02,111.03,110.6,110.66,2376100
AGG,21-Apr-2016,110.52,110.62,110.45,110.51,2692700
AGG,22-Apr-2016,110.65,110.72,110.52,110.52,3795600
AGG,25-Apr-2016,110.52,110.59,110.39,110.4,3118800
AGG,26-Apr-2016,110.48,110.48,110.23,110.35,2326100
AGG,27-Apr-2016,110.53,110.69,110.33,110.68,2337100
AGG,28-Apr-2016,110.68,110.95,110.59,110.9,9405200
AGG,29-Apr-2016,110.82,110.93,110.75,110.89,5112800
AGG,02-May-2016,110.74,110.74,110.52,110.61,3553900
AGG,03-May-2016,110.89,110.95,110.75,110.81,3044900
AGG,04-May-2016,110.91,110.93,110.76,110.86,2920600
AGG,05-May-2016,110.92,111.16,110.8,111.14,3008100
AGG,06-May-2016,111.12,111.12,110.97,110.97,2718700
AGG,09-May-2016,111.11,111.14,111.01,111.04,2173400
AGG,10-May-2016,111.06,111.1,110.99,111.09,2103800
AGG,11-May-2016,111.06,111.26,111.02,111.09,2507000
AGG,12-May-2016,110.92,111.1,110.92,110.99,1938800
AGG,13-May-2016,111.08,111.23,111.03,111.2,1511300
AGG,16-May-2016,111.19,111.19,110.98,111.01,3134400
AGG,17-May-2016,111.03,111.05,110.86,110.86,1769700
AGG,18-May-2016,110.78,110.8,110.31,110.4,1900800
AGG,19-May-2016,110.47,110.56,110.4,110.47,3461800
AGG,20-May-2016,110.54,110.62,110.44,110.54,2655700
AGG,23-May-2016,110.54,110.6,110.43,110.52,2244300
AGG,24-May-2016,110.56,110.56,110.34,110.46,1759800
AGG,25-May-2016,110.54,110.55,110.39,110.48,2743100
AGG,26-May-2016,110.64,110.73,110.56,110.65,1614800
AGG,27-May-2016,110.68,110.7,110.48,110.63,2164700
AGG,30-May-2016,110.63,110.63,110.63,110.63,0
AGG,31-May-2016,110.41,110.76,110.36,110.7,3368800
AGG,01-Jun-2016,110.59,110.65,110.41,110.42,2941600
AGG,02-Jun-2016,110.56,110.74,110.56,110.7,2013800
AGG,03-Jun-2016,111.15,111.3,111.12,111.3,2210500
AGG,06-Jun-2016,111.17,111.23,111.07,111.15,3278900
AGG,07-Jun-2016,111.24,111.31,111.2,111.25,2157100
AGG,08-Jun-2016,111.3,111.34,111.22,111.29,2148000
AGG,09-Jun-2016,111.5,111.5,111.36,111.37,1543600
AGG,10-Jun-2016,111.54,111.66,111.45,111.52,1368400
AGG,13-Jun-2016,111.57,111.67,111.53,111.61,1661300
AGG,14-Jun-2016,111.68,111.73,111.55,111.56,1871400
AGG,15-Jun-2016,111.67,111.93,111.64,111.8,1732200
AGG,16-Jun-2016,111.92,112.07,111.78,111.87,2533100
AGG,17-Jun-2016,111.86,111.87,111.66,111.79,2730800
AGG,20-Jun-2016,111.57,111.58,111.45,111.48,2043800
AGG,21-Jun-2016,111.55,111.57,111.35,111.4,1882400
AGG,22-Jun-2016,111.44,111.51,111.35,111.47,1734300
AGG,23-Jun-2016,111.33,111.43,111.25,111.28,1721400
AGG,24-Jun-2016,112.11,112.15,111.79,111.86,4080900
AGG,27-Jun-2016,112.33,112.49,112.31,112.33,3018800
AGG,28-Jun-2016,112.54,112.54,112.37,112.47,2951700
AGG,29-Jun-2016,112.53,112.6,112.34,112.39,2745800
AGG,30-Jun-2016,112.51,112.69,112.4,112.62,4154300
AGG,01-Jul-2016,112.72,112.77,112.52,112.65,5235200
AGG,04-Jul-2016,112.65,112.65,112.65,112.65,0
AGG,05-Jul-2016,113.03,113.12,112.87,112.95,4739900
AGG,06-Jul-2016,113.09,113.17,112.94,113.16,3150400
AGG,07-Jul-2016,113,113.17,112.92,113.08,3122200
AGG,08-Jul-2016,113.08,113.27,113,113.25,2910400
AGG,11-Jul-2016,113.19,113.24,112.93,112.95,4423900
AGG,12-Jul-2016,112.81,112.81,112.49,112.61,1970700
AGG,13-Jul-2016,112.82,112.88,112.74,112.77,2363300
AGG,14-Jul-2016,112.51,112.7,112.5,112.67,3345200
AGG,15-Jul-2016,112.58,112.58,112.22,112.26,3612100
AGG,18-Jul-2016,112.49,112.49,112.2,112.32,1547200
AGG,19-Jul-2016,112.48,112.52,112.37,112.51,1787300
AGG,20-Jul-2016,112.42,112.44,112.3,112.41,1808700
AGG,21-Jul-2016,112.27,112.54,112.2,112.51,3043400
AGG,22-Jul-2016,112.38,112.61,112.35,112.53,2315800
AGG,25-Jul-2016,112.58,112.58,112.4,112.4,1680700
AGG,26-Jul-2016,112.58,112.58,112.31,112.4,3540100
AGG,27-Jul-2016,112.52,112.74,112.44,112.73,3047200
AGG,28-Jul-2016,112.64,112.76,112.56,112.72,2640700
AGG,29-Jul-2016,112.88,113.03,112.76,113.02,3671100
AGG,01-Aug-2016,112.5,112.68,112.47,112.55,3149300
AGG,02-Aug-2016,112.36,112.46,112.19,112.22,3643800
AGG,03-Aug-2016,112.31,112.36,112.1,112.34,3777800
AGG,04-Aug-2016,112.54,112.66,112.5,112.55,2002800
AGG,05-Aug-2016,112.54,112.54,112.14,112.17,2474600
AGG,08-Aug-2016,112.16,112.32,112.03,112.24,2604000
AGG,09-Aug-2016,112.4,112.54,112.3,112.53,2981100
AGG,10-Aug-2016,112.61,112.73,112.54,112.66,3185700
AGG,11-Aug-2016,112.73,112.73,112.31,112.36,1807400
AGG,12-Aug-2016,112.72,112.83,112.63,112.63,1889600
AGG,15-Aug-2016,112.57,112.62,112.42,112.43,1950500
AGG,16-Aug-2016,112.49,112.52,112.36,112.36,6250300
AGG,17-Aug-2016,112.45,112.66,112.36,112.57,5210600
AGG,18-Aug-2016,112.64,112.78,112.54,112.73,1963000
AGG,19-Aug-2016,112.53,112.62,112.39,112.48,3287600
AGG,22-Aug-2016,112.66,112.74,112.56,112.65,1808600
AGG,23-Aug-2016,112.78,112.83,112.63,112.68,2583000
AGG,24-Aug-2016,112.79,112.8,112.63,112.64,2312800
AGG,25-Aug-2016,112.55,112.67,112.52,112.52,1613500
AGG,26-Aug-2016,112.69,112.86,112.28,112.34,2513700
AGG,29-Aug-2016,112.55,112.68,112.46,112.65,2156300
AGG,30-Aug-2016,112.71,112.71,112.55,112.59,1712300
AGG,31-Aug-2016,112.64,112.71,112.51,112.57,3024900
AGG,01-Sep-2016,112.1,112.5,112.05,112.46,3777000
AGG,02-Sep-2016,112.44,112.44,112.18,112.31,1730800
AGG,05-Sep-2016,112.31,112.31,112.31,112.31,0
AGG,06-Sep-2016,112.36,112.68,112.29,112.55,3745700
AGG,07-Sep-2016,112.76,112.76,112.59,112.61,1839500
AGG,08-Sep-2016,112.5,112.56,112.14,112.22,2605500
AGG,09-Sep-2016,111.96,111.99,111.73,111.73,2763900
AGG,12-Sep-2016,111.76,111.89,111.65,111.82,2358200
AGG,13-Sep-2016,111.93,111.93,111.34,111.51,3005300
AGG,14-Sep-2016,111.47,111.75,111.47,111.65,2089600
AGG,15-Sep-2016,111.6,111.76,111.49,111.72,2270200
AGG,16-Sep-2016,111.75,111.87,111.7,111.8,1701100
AGG,19-Sep-2016,111.73,111.85,111.69,111.71,2026900
AGG,20-Sep-2016,111.9,111.94,111.74,111.75,2078500
AGG,21-Sep-2016,111.69,112.03,111.65,112.03,1899300
AGG,22-Sep-2016,112.1,112.35,112.1,112.26,2017100
AGG,23-Sep-2016,112.31,112.35,112.21,112.23,3415700
AGG,26-Sep-2016,112.28,112.45,112.28,112.37,2326900
AGG,27-Sep-2016,112.57,112.61,112.41,112.51,2881300
AGG,28-Sep-2016,112.58,112.61,112.47,112.54,2853900
AGG,29-Sep-2016,112.41,112.64,112.37,112.54,1668000
AGG,30-Sep-2016,112.57,112.65,112.27,112.42,3679800
AGG,03-Oct-2016,112.21,112.25,112.07,112.09,9372900
AGG,04-Oct-2016,112.09,112.09,111.7,111.71,5022400
AGG,05-Oct-2016,111.69,111.74,111.51,111.56,3368600
AGG,06-Oct-2016,111.57,111.67,111.45,111.56,2059400
AGG,07-Oct-2016,111.64,111.67,111.41,111.58,1867600
AGG,10-Oct-2016,111.47,111.54,111.39,111.53,1295400
AGG,11-Oct-2016,111.49,111.54,111.35,111.36,2753200
AGG,12-Oct-2016,111.39,111.43,111.26,111.4,1668500
AGG,13-Oct-2016,111.6,111.68,111.53,111.56,1964800
AGG,14-Oct-2016,111.47,111.61,111.33,111.37,2471500
AGG,17-Oct-2016,111.45,111.61,111.39,111.56,1556700
AGG,18-Oct-2016,111.54,111.74,111.47,111.74,1583000
AGG,19-Oct-2016,111.68,111.83,111.64,111.8,1550000
AGG,20-Oct-2016,111.84,111.9,111.73,111.76,1420700
AGG,21-Oct-2016,111.8,111.9,111.69,111.83,1776900
AGG,24-Oct-2016,111.81,111.83,111.6,111.66,1385600
AGG,25-Oct-2016,111.58,111.8,111.58,111.66,2344400
AGG,26-Oct-2016,111.57,111.57,111.43,111.44,2684000
AGG,27-Oct-2016,111.28,111.28,111.04,111.16,2330600
AGG,28-Oct-2016,111.11,111.26,111.08,111.16,1713800
AGG,31-Oct-2016,111.3,111.33,111.21,111.3,3260200
AGG,01-Nov-2016,110.88,111.13,110.82,111.03,4724900
AGG,02-Nov-2016,111.12,111.32,111.06,111.16,2572600
AGG,03-Nov-2016,111.03,111.16,111.01,111.01,3254500
AGG,04-Nov-2016,111.15,111.32,111.13,111.24,2013400
AGG,07-Nov-2016,111.14,111.18,111.07,111.11,2030900
AGG,08-Nov-2016,111.13,111.16,110.87,110.93,2107300
AGG,09-Nov-2016,110.53,110.57,109.78,109.9,3657200
AGG,10-Nov-2016,109.66,109.88,109.42,109.45,4179100
AGG,11-Nov-2016,109.46,109.5,109.22,109.25,2804600
AGG,14-Nov-2016,108.64,109.06,108.64,108.81,3055300
AGG,15-Nov-2016,109,109.07,108.87,108.89,2252200
AGG,16-Nov-2016,109.01,109.13,108.92,109.13,2165000
AGG,17-Nov-2016,109.01,109.02,108.67,108.72,1904000
AGG,18-Nov-2016,108.81,108.82,108.36,108.37,2767000
AGG,21-Nov-2016,108.56,108.57,108.37,108.46,1705500
AGG,22-Nov-2016,108.59,108.66,108.46,108.56,3465200
AGG,23-Nov-2016,108.18,108.33,107.92,108.18,2497500
AGG,24-Nov-2016,108.18,108.18,108.18,108.18,0
AGG,25-Nov-2016,108.3,108.37,108.09,108.17,1071500
AGG,28-Nov-2016,108.38,108.57,108.33,108.55,2476700
AGG,29-Nov-2016,108.5,108.72,108.43,108.67,2178900
AGG,30-Nov-2016,108.23,108.43,108.13,108.24,4627500
AGG,01-Dec-2016,107.75,107.79,107.47,107.68,4691800
AGG,02-Dec-2016,107.93,108.2,107.85,108.02,4269300
AGG,05-Dec-2016,107.94,108.26,107.78,108.11,3398000
AGG,06-Dec-2016,108.14,108.18,108.04,108.09,3306800
AGG,07-Dec-2016,108.22,108.38,108.2,108.37,3796900
AGG,08-Dec-2016,108.18,108.22,108.05,108.17,2822600
AGG,09-Dec-2016,108.08,108.18,107.72,107.84,4530900
AGG,12-Dec-2016,107.7,107.82,107.61,107.74,3074200
AGG,13-Dec-2016,107.87,107.94,107.71,107.88,3665900
AGG,14-Dec-2016,108.07,108.12,107.29,107.29,3544000
AGG,15-Dec-2016,107.37,107.42,107.15,107.16,4619000
AGG,16-Dec-2016,107.16,107.39,107.06,107.23,2981600
AGG,19-Dec-2016,107.4,107.55,107.35,107.51,3202400
AGG,20-Dec-2016,107.3,107.44,107.27,107.41,2871900
AGG,21-Dec-2016,107.5,107.66,107.43,107.64,4066700
AGG,22-Dec-2016,107.34,107.46,107.24,107.39,4110300
AGG,23-Dec-2016,107.54,107.54,107.39,107.42,3821100
AGG,26-Dec-2016,107.42,107.42,107.42,107.42,0
AGG,27-Dec-2016,107.19,107.34,107.19,107.34,2661500
AGG,28-Dec-2016,107.33,107.6,107.3,107.51,5609700
AGG,29-Dec-2016,107.73,107.88,107.65,107.84,3649900
AGG,30-Dec-2016,107.88,108.12,107.85,108.06,3690200
AGG,01-Jan-2018,109.33,109.33,109.33,109.33,0
AGG,02-Jan-2018,109.26,109.31,108.97,109.17,8851200
AGG,03-Jan-2018,109.25,109.25,109.09,109.18,2441700
AGG,04-Jan-2018,109.02,109.15,108.975,109.11,2945300
AGG,05-Jan-2018,109.15,109.15,108.95,109.04,4322800
AGG,08-Jan-2018,109.11,109.11,108.95,109.01,3394400
AGG,09-Jan-2018,108.91,108.91,108.69,108.71,2301400
AGG,10-Jan-2018,108.48,108.72,108.43,108.71,4194300
AGG,11-Jan-2018,108.66,108.86,108.61,108.76,3470400
AGG,12-Jan-2018,108.64,108.83,108.63,108.74,3605900
AGG,15-Jan-2018,108.74,108.74,108.74,108.74,0
AGG,16-Jan-2018,108.87,108.98,108.715,108.77,6794400
AGG,17-Jan-2018,108.73,108.84,108.62,108.65,3146200
AGG,18-Jan-2018,108.43,108.525,108.35,108.41,2896500
AGG,19-Jan-2018,108.4,108.4,108.14,108.18,2933800
AGG,22-Jan-2018,108.22,108.3,108.11,108.14,3983200
AGG,23-Jan-2018,108.33,108.44,108.29,108.4,4775500
AGG,24-Jan-2018,108.25,108.32,108.15,108.29,2362200
AGG,25-Jan-2018,108.26,108.57,108.19,108.57,9851600
AGG,26-Jan-2018,108.51,108.51,108.27,108.37,3808100
AGG,29-Jan-2018,108.14,108.25,108.02,108.18,3974800
AGG,30-Jan-2018,108.12,108.12,107.92,108.01,3659500
AGG,31-Jan-2018,108.2,108.21,107.88,108.1,8066800
AGG,01-Feb-2018,107.75,107.825,107.48,107.52,9678700
AGG,02-Feb-2018,107.25,107.345,107.1,107.2,4779200
AGG,05-Feb-2018,107.13,107.81,107,107.63,5991700
AGG,06-Feb-2018,107.46,107.56,107.28,107.32,6031300
AGG,07-Feb-2018,107.43,107.44,107,107.08,4115600
AGG,08-Feb-2018,106.84,107.14,106.77,106.9,4761500
AGG,09-Feb-2018,106.72,107.07,106.7,106.76,5926100
AGG,12-Feb-2018,106.74,106.945,106.663,106.79,5421400
AGG,13-Feb-2018,106.79,106.91,106.7,106.82,4256100
AGG,14-Feb-2018,106.57,106.66,106.4,106.46,4317000
AGG,15-Feb-2018,106.56,106.73,106.53,106.59,2878800
AGG,16-Feb-2018,106.85,106.875,106.71,106.8,3648800
AGG,19-Feb-2018,106.8,106.8,106.8,106.8,0
AGG,20-Feb-2018,106.69,106.71,106.55,106.69,2907300
AGG,21-Feb-2018,106.77,106.8,106.26,106.35,3223800
AGG,22-Feb-2018,106.49,106.56,106.36,106.36,2485300
AGG,23-Feb-2018,106.61,106.76,106.565,106.63,2398100
AGG,26-Feb-2018,106.88,106.95,106.69,106.71,4617300
AGG,27-Feb-2018,106.78,106.82,106.38,106.48,5704600
AGG,28-Feb-2018,106.59,106.77,106.54,106.77,9614100
AGG,01-Mar-2018,106.54,106.72,106.38,106.63,7335500
AGG,02-Mar-2018,106.47,106.55,106.36,106.46,3717300
AGG,05-Mar-2018,106.6,106.65,106.28,106.4,3307200
AGG,06-Mar-2018,106.45,106.56,106.38,106.42,1932100
AGG,07-Mar-2018,106.51,106.55,106.37,106.4,3448700
AGG,08-Mar-2018,106.42,106.63,106.42,106.57,2396200
AGG,09-Mar-2018,106.43,106.46,106.305,106.37,3669400
AGG,12-Mar-2018,106.43,106.49,106.37,106.43,4149500
AGG,13-Mar-2018,106.59,106.6,106.45,106.57,2727500
AGG,14-Mar-2018,106.54,106.845,106.52,106.75,3126400
AGG,15-Mar-2018,106.73,106.81,106.64,106.76,3045400
AGG,16-Mar-2018,106.62,106.72,106.6,106.7,2552600
AGG,19-Mar-2018,106.56,106.74,106.53,106.59,2263300
AGG,20-Mar-2018,106.44,106.51,106.4,106.42,3000700
AGG,21-Mar-2018,106.32,106.48,106.08,106.41,2994400
AGG,22-Mar-2018,106.67,106.8,106.49,106.61,3334400
AGG,23-Mar-2018,106.46,106.7,106.46,106.61,3618700
AGG,26-Mar-2018,106.64,106.71,106.47,106.57,4546500
AGG,27-Mar-2018,106.63,106.95,106.61,106.88,4537600
AGG,28-Mar-2018,107.05,107.1,106.88,106.94,5617200
AGG,29-Mar-2018,106.95,107.26,106.95,107.25,9190600
AGG,30-Mar-2018,107.25,107.25,107.25,107.25,0
AGG,02-Apr-2018,106.9,107.04,106.82,106.9,7280200
AGG,03-Apr-2018,106.82,106.87,106.74,106.78,9916000
AGG,04-Apr-2018,106.9,106.93,106.79,106.82,6200800
AGG,05-Apr-2018,106.71,106.76,106.63,106.67,2592400
AGG,06-Apr-2018,106.89,106.98,106.79,106.91,2814700
AGG,09-Apr-2018,106.83,107,106.78,107,3746400
AGG,10-Apr-2018,106.95,106.985,106.83,106.92,2955400
AGG,11-Apr-2018,107.05,107.06,106.93,107.01,8598900
AGG,12-Apr-2018,106.91,106.93,106.76,106.77,3898900
AGG,13-Apr-2018,106.69,106.84,106.67,106.8,2764800
AGG,16-Apr-2018,106.64,106.84,106.61,106.82,3860800
AGG,17-Apr-2018,106.81,106.89,106.75,106.85,2362900
AGG,18-Apr-2018,106.74,106.75,106.54,106.55,2231600
AGG,19-Apr-2018,106.34,106.39,106.24,106.29,10985000
AGG,20-Apr-2018,106.15,106.24,106,106,2766000
AGG,23-Apr-2018,105.98,106.01,105.9,105.95,2620800
AGG,24-Apr-2018,105.85,105.92,105.78,105.81,3442300
AGG,25-Apr-2018,105.72,105.74,105.6,105.67,3784900
AGG,26-Apr-2018,105.83,105.9,105.76,105.85,4870300
AGG,27-Apr-2018,105.96,106.04,105.94,105.98,3806300
AGG,30-Apr-2018,106.01,106.12,105.99,106,4692600
AGG,01-May-2018,105.73,105.79,105.6,105.67,3027000
AGG,02-May-2018,105.7,105.78,105.62,105.67,2560700
AGG,03-May-2018,105.82,105.95,105.78,105.79,4499200
AGG,04-May-2018,105.92,105.93,105.71,105.86,2317000
AGG,07-May-2018,105.88,105.88,105.77,105.81,1533600
AGG,08-May-2018,105.66,105.75,105.6,105.69,2591700
AGG,09-May-2018,105.56,105.64,105.52,105.57,2507400
AGG,10-May-2018,105.75,105.82,105.69,105.81,2096700
AGG,11-May-2018,105.9,105.9,105.76,105.86,2034000
AGG,14-May-2018,105.79,105.85,105.74,105.76,2183500
AGG,15-May-2018,105.49,105.49,105.19,105.29,2166400
AGG,16-May-2018,105.36,105.42,105.15,105.17,2477500
AGG,17-May-2018,105.19,105.21,105,105.03,2789000
AGG,18-May-2018,105.16,105.32,105.16,105.3,2151100
AGG,21-May-2018,105.28,105.37,105.24,105.31,1952200
AGG,22-May-2018,105.32,105.37,105.28,105.31,2246300
AGG,23-May-2018,105.5,105.65,105.48,105.6,6061800
AGG,24-May-2018,105.82,105.96,105.82,105.89,2903200
AGG,25-May-2018,106.1,106.18,106.03,106.12,2508100
AGG,28-May-2018,106.12,106.12,106.12,106.12,0
AGG,29-May-2018,106.37,107,106.32,106.82,3494300
AGG,30-May-2018,106.54,106.67,106.4,106.55,3158100
AGG,31-May-2018,106.52,106.67,106.39,106.46,5157300
AGG,01-Jun-2018,105.95,106.13,105.91,106.08,6206700
AGG,04-Jun-2018,106,106.01,105.79,105.83,4288000
AGG,05-Jun-2018,105.99,106.04,105.85,105.91,1848300
AGG,06-Jun-2018,105.71,105.75,105.58,105.67,2705800
AGG,07-Jun-2018,105.64,106.12,105.625,105.9,2724800
AGG,08-Jun-2018,105.75,105.9,105.74,105.75,3416700
AGG,11-Jun-2018,105.65,105.74,105.57,105.64,4330700
AGG,12-Jun-2018,105.56,105.69,105.56,105.67,3546400
AGG,13-Jun-2018,105.68,105.75,105.38,105.57,3627300
AGG,14-Jun-2018,105.75,105.86,105.69,105.84,4689600
AGG,15-Jun-2018,106.01,106.09,105.86,105.88,2361800
AGG,18-Jun-2018,105.93,105.93,105.8,105.9,2359300
AGG,19-Jun-2018,106.05,106.11,105.98,106.01,2184200
AGG,20-Jun-2018,106.06,106.06,105.79,105.81,2403600
AGG,21-Jun-2018,105.88,105.96,105.81,105.84,2895500
AGG,22-Jun-2018,105.82,105.94,105.8,105.94,1957100
AGG,25-Jun-2018,105.95,106.04,105.86,105.88,5522800
AGG,26-Jun-2018,105.99,106.05,105.94,106.05,2665200
AGG,27-Jun-2018,106.23,106.31,106.16,106.24,3001300
AGG,28-Jun-2018,106.28,106.29,106.16,106.23,1798900
AGG,29-Jun-2018,106.3,106.42,106.25,106.32,7117300
AGG,02-Jul-2018,106.1,106.125,105.99,105.99,7159900
AGG,03-Jul-2018,106.03,106.21,106.025,106.21,2425100
AGG,04-Jul-2018,106.21,106.21,106.21,106.21,0
AGG,05-Jul-2018,106.22,106.34,106.21,106.31,2739800
AGG,06-Jul-2018,106.41,106.45,106.32,106.42,2598600
AGG,09-Jul-2018,106.29,106.34,106.25,106.32,1926000
AGG,10-Jul-2018,106.28,106.3,106.19,106.24,2489700
AGG,11-Jul-2018,106.33,106.35,106.22,106.28,5385000
AGG,12-Jul-2018,106.26,106.42,106.26,106.41,2145700
AGG,13-Jul-2018,106.44,106.52,106.44,106.51,2235500
AGG,16-Jul-2018,106.35,106.4,106.24,106.39,2116500
AGG,17-Jul-2018,106.4,106.45,106.29,106.35,2964000
AGG,18-Jul-2018,106.36,106.385,106.27,106.32,1760800
AGG,19-Jul-2018,106.34,106.545,106.31,106.48,2163200
AGG,20-Jul-2018,106.38,106.44,106.2,106.27,3024600
AGG,23-Jul-2018,106.17,106.185,105.885,105.9,1848600
AGG,24-Jul-2018,105.92,106.07,105.9,106.05,3590300
AGG,25-Jul-2018,106.12,106.17,105.95,106.06,3318200
AGG,26-Jul-2018,106.1,106.15,105.95,106,2245000
AGG,27-Jul-2018,106.13,106.16,106.04,106.08,2637400
AGG,30-Jul-2018,105.94,106.05,105.91,105.97,5518200
AGG,31-Jul-2018,106.11,106.18,106.05,106.06,5928100
AGG,01-Aug-2018,105.55,105.76,105.51,105.7,4534000
AGG,02-Aug-2018,105.76,105.76,105.65,105.74,3671900
AGG,03-Aug-2018,105.81,105.98,105.81,105.97,2542800
AGG,06-Aug-2018,106.03,106.11,106,106.04,4120000
AGG,07-Aug-2018,105.97,105.97,105.825,105.85,2532700
AGG,08-Aug-2018,105.83,105.91,105.8,105.85,1937500
AGG,09-Aug-2018,105.97,106.04,105.93,106,2386400
AGG,10-Aug-2018,106.11,106.36,106.11,106.23,4136200
AGG,13-Aug-2018,106.16,106.3,106.15,106.29,2786200
AGG,14-Aug-2018,106.3,106.33,106.16,106.19,6087400
AGG,15-Aug-2018,106.29,106.44,106.25,106.34,4652700
AGG,16-Aug-2018,106.38,106.42,106.24,106.4,2658100
AGG,17-Aug-2018,106.43,106.545,106.38,106.46,2071100
AGG,20-Aug-2018,106.59,106.68,106.53,106.67,2355500
AGG,21-Aug-2018,106.58,106.62,106.51,106.58,2834900
AGG,22-Aug-2018,106.66,106.71,106.57,106.67,2189900
AGG,23-Aug-2018,106.67,106.705,106.61,106.61,1568600
AGG,24-Aug-2018,106.5,106.73,106.49,106.73,3649600
AGG,27-Aug-2018,106.59,106.66,106.56,106.59,3233500
AGG,28-Aug-2018,106.45,106.49,106.36,106.39,2558000
AGG,29-Aug-2018,106.38,106.41,106.29,106.37,2792400
AGG,30-Aug-2018,106.47,106.5,106.38,106.42,2803200
AGG,31-Aug-2018,106.58,106.6,106.41,106.41,3308600
AGG,03-Sep-2018,106.41,106.41,106.41,106.41,0
AGG,04-Sep-2018,106.02,106.12,105.975,106.06,3164000
AGG,05-Sep-2018,106.05,106.075,105.96,106.01,2788300
AGG,06-Sep-2018,106.09,106.27,106.09,106.19,2248400
AGG,07-Sep-2018,105.92,105.94,105.81,105.81,2571700
AGG,10-Sep-2018,105.85,105.95,105.85,105.91,3305600
AGG,11-Sep-2018,105.78,105.84,105.7,105.73,4918900
AGG,12-Sep-2018,105.81,105.89,105.8,105.8,4168900
AGG,13-Sep-2018,105.96,106,105.85,105.87,2280100
AGG,14-Sep-2018,105.72,105.79,105.66,105.67,2693300
AGG,17-Sep-2018,105.65,105.78,105.6,105.67,5721600
AGG,18-Sep-2018,105.59,105.6,105.39,105.44,2206000
AGG,19-Sep-2018,105.42,105.43,105.22,105.24,2700600
AGG,20-Sep-2018,105.23,105.45,105.23,105.38,2897900
AGG,21-Sep-2018,105.34,105.47,105.32,105.46,2792500
AGG,24-Sep-2018,105.33,105.46,105.31,105.36,1894900
AGG,25-Sep-2018,105.25,105.31,105.18,105.31,2059300
AGG,26-Sep-2018,105.37,105.6,105.335,105.56,2912000
AGG,27-Sep-2018,105.5,105.64,105.5,105.63,2528100
AGG,28-Sep-2018,105.69,105.71,105.51,105.52,4883900
AGG,01-Oct-2018,105.35,105.35,105.2,105.24,3517600
AGG,02-Oct-2018,105.32,105.46,105.25,105.36,6912500
AGG,03-Oct-2018,105.22,105.24,104.75,104.86,2540400
AGG,04-Oct-2018,104.65,104.72,104.47,104.56,5268100
AGG,05-Oct-2018,104.46,104.48,104.19,104.33,3460500
AGG,08-Oct-2018,104.38,104.4,104.29,104.29,2267900
AGG,09-Oct-2018,104.39,104.51,104.32,104.44,21903100
AGG,10-Oct-2018,104.34,104.46,104.23,104.41,3834800
AGG,11-Oct-2018,104.59,104.86,104.51,104.72,7053800
AGG,12-Oct-2018,104.71,104.87,104.675,104.75,5017400
AGG,15-Oct-2018,104.73,104.78,104.62,104.68,3047700
AGG,16-Oct-2018,104.69,104.74,104.58,104.74,5750100
AGG,17-Oct-2018,104.71,104.77,104.52,104.53,2844200
AGG,18-Oct-2018,104.39,104.619,104.375,104.46,3158100
AGG,19-Oct-2018,104.47,104.55,104.34,104.37,2985800
AGG,22-Oct-2018,104.47,104.52,104.34,104.35,2807200
AGG,23-Oct-2018,104.67,104.74,104.475,104.48,3524300
AGG,24-Oct-2018,104.69,104.81,104.67,104.75,4465100
AGG,25-Oct-2018,104.71,104.77,104.61,104.66,8290100
AGG,26-Oct-2018,104.88,105.05,104.87,104.9,5811400
AGG,29-Oct-2018,104.86,104.89,104.72,104.79,5075100
AGG,30-Oct-2018,104.68,104.78,104.64,104.64,2551900
AGG,31-Oct-2018,104.5,104.7,104.5,104.59,14880400
AGG,01-Nov-2018,104.22,104.41,104.21,104.34,7918900
AGG,02-Nov-2018,104.25,104.29,103.94,104.03,4491500
AGG,05-Nov-2018,104.14,104.17,104.07,104.1,3412500
AGG,06-Nov-2018,104.09,104.17,104.06,104.11,2619800
AGG,07-Nov-2018,104.25,104.36,104.14,104.2,4677300
AGG,08-Nov-2018,104.19,104.22,104,104.01,3489200
AGG,09-Nov-2018,104.07,104.25,104.07,104.14,2901800
AGG,12-Nov-2018,104.31,104.35,104.25,104.31,2779700
AGG,13-Nov-2018,104.3,104.37,104.21,104.35,2977100
AGG,14-Nov-2018,104.22,104.5,104.2,104.36,3395900
AGG,15-Nov-2018,104.48,104.51,104.31,104.49,3861200
AGG,16-Nov-2018,104.55,104.71,104.51,104.66,3332600
AGG,19-Nov-2018,104.61,104.73,104.61,104.65,4673100
AGG,20-Nov-2018,104.67,104.72,104.61,104.61,3162700
AGG,21-Nov-2018,104.6,104.69,104.58,104.68,5701600
AGG,22-Nov-2018,104.68,104.68,104.68,104.68,0
AGG,23-Nov-2018,104.84,104.84,104.65,104.65,1665800
AGG,26-Nov-2018,104.67,104.67,104.59,104.63,4326000
AGG,27-Nov-2018,104.58,104.74,104.58,104.66,4107600
AGG,28-Nov-2018,104.63,104.91,104.57,104.86,8513800
AGG,29-Nov-2018,104.92,104.99,104.84,104.91,5922600
AGG,30-Nov-2018,104.93,104.96,104.82,104.88,6126200
AGG,03-Dec-2018,104.69,104.86,104.63,104.8,14037800
AGG,04-Dec-2018,104.98,105.28,104.94,105.08,5365100
AGG,05-Dec-2018,105.08,105.08,105.08,105.08,0
AGG,06-Dec-2018,105.29,105.54,105.28,105.34,7396700
AGG,07-Dec-2018,105.39,105.55,105.28,105.48,5440200
AGG,10-Dec-2018,105.55,105.63,105.43,105.55,6096000
AGG,11-Dec-2018,105.63,105.72,105.51,105.58,8086200
AGG,12-Dec-2018,105.48,105.57,105.46,105.5,8088900
AGG,13-Dec-2018,105.59,105.65,105.53,105.53,5762500
AGG,14-Dec-2018,105.68,105.68,105.56,105.56,6265000
AGG,17-Dec-2018,105.66,105.78,105.61,105.74,7630400
AGG,18-Dec-2018,105.63,105.84,105.63,105.84,6626100
AGG,19-Dec-2018,105.88,106.17,105.79,105.94,7264800
AGG,20-Dec-2018,106.1,106.12,105.81,105.84,7695000
AGG,21-Dec-2018,105.94,105.96,105.76,105.79,10381200
AGG,24-Dec-2018,105.95,106,105.81,105.86,7196000
AGG,25-Dec-2018,105.86,105.86,105.86,105.86,0
AGG,26-Dec-2018,105.92,106,105.63,105.66,8606900
AGG,27-Dec-2018,105.95,106.06,105.77,105.83,10562200
AGG,28-Dec-2018,105.97,106.22,105.94,106.22,7019600
AGG,31-Dec-2018,106.12,106.51,106.11,106.49,9671700
AGG,01-Jan-2019,106.49,106.49,106.49,106.49,0
AGG,02-Jan-2019,106.55,106.61,106.47,106.57,11200700
AGG,03-Jan-2019,106.57,107.075,106.57,107.01,6497100
AGG,04-Jan-2019,106.66,106.72,106.55,106.69,8148900
AGG,07-Jan-2019,106.72,106.79,106.46,106.51,7433600
AGG,08-Jan-2019,106.4,106.53,106.38,106.43,4395500
AGG,09-Jan-2019,106.42,106.57,106.4,106.52,5458000
AGG,10-Jan-2019,106.52,106.56,106.33,106.4,3532500
AGG,11-Jan-2019,106.58,106.66,106.5,106.55,5759000
AGG,14-Jan-2019,106.57,106.61,106.4,106.4,7544300
AGG,15-Jan-2019,106.54,106.55,106.33,106.42,3690200
AGG,16-Jan-2019,106.33,106.52,106.305,106.51,4007800
AGG,17-Jan-2019,106.53,106.53,106.335,106.43,5546900
AGG,18-Jan-2019,106.37,106.48,106.28,106.35,5643300
AGG,21-Jan-2019,106.35,106.35,106.35,106.35,0
AGG,22-Jan-2019,106.44,106.62,106.44,106.44,6823900
AGG,23-Jan-2019,106.38,106.59,106.37,106.55,3222800
AGG,24-Jan-2019,106.72,106.84,106.67,106.73,7308800
AGG,25-Jan-2019,106.64,106.7,106.56,106.68,3469400
AGG,28-Jan-2019,106.62,106.745,106.58,106.62,7365700
AGG,29-Jan-2019,106.73,106.925,106.685,106.9,6158600
AGG,30-Jan-2019,106.79,107.15,106.79,107.14,6350400
AGG,31-Jan-2019,107.3,107.53,107.29,107.46,14766400
AGG,01-Feb-2019,107.09,107.15,106.88,106.97,7227800
AGG,04-Feb-2019,106.83,106.9,106.77,106.88,14227700
AGG,05-Feb-2019,106.95,107.14,106.95,107.11,8913500
AGG,06-Feb-2019,107.2,107.22,106.985,107.05,6449500
AGG,07-Feb-2019,107.15,107.2,107.03,107.1,3938900
AGG,08-Feb-2019,107.17,107.38,107.17,107.34,4288500
AGG,11-Feb-2019,107.23,107.28,107.15,107.23,3521000
AGG,12-Feb-2019,107.22,107.26,107.12,107.25,3136600
AGG,13-Feb-2019,107.08,107.14,107.01,107.06,2526000
AGG,14-Feb-2019,107.33,107.35,107.17,107.22,2908400
AGG,15-Feb-2019,107.25,107.31,107.19,107.3,2413900
AGG,18-Feb-2019,107.3,107.3,107.3,107.3,0
AGG,19-Feb-2019,107.43,107.45,107.28,107.36,6235500
AGG,20-Feb-2019,107.37,107.39,107.28,107.37,3231200
AGG,21-Feb-2019,107.16,107.18,107.1,107.13,3676900
AGG,22-Feb-2019,107.25,107.52,107.22,107.4,2731500
AGG,25-Feb-2019,107.35,107.4,107.3,107.37,3645300
AGG,26-Feb-2019,107.53,107.565,107.43,107.49,4759300
AGG,27-Feb-2019,107.4,107.4,107.21,107.26,2988300
AGG,28-Feb-2019,107.26,107.29,107.03,107.07,11872100
AGG,01-Mar-2019,106.77,106.84,106.61,106.63,5526900
AGG,04-Mar-2019,106.74,106.84,106.69,106.76,3837100
AGG,05-Mar-2019,106.73,106.84,106.6701,106.83,5835800
AGG,06-Mar-2019,106.88,107.07,106.85,106.99,4834000
AGG,07-Mar-2019,107.16,107.35,107.1175,107.29,6089000
AGG,08-Mar-2019,107.31,107.465,107.2401,107.43,4943100
AGG,11-Mar-2019,107.44,107.47,107.35,107.44,5638300
AGG,12-Mar-2019,107.5,107.6685,107.43,107.64,5243300
AGG,13-Mar-2019,107.56,107.61,107.51,107.59,2609000
AGG,14-Mar-2019,107.57,107.58,107.39,107.43,2955400
AGG,15-Mar-2019,107.65,107.7396,107.57,107.7,2756900
AGG,18-Mar-2019,107.67,107.7,107.63,107.68,2295400
AGG,19-Mar-2019,107.58,107.71,107.53,107.62,2928300
AGG,20-Mar-2019,107.71,108.0899,107.67,108.06,4236100
AGG,21-Mar-2019,108.13,108.1752,108.05,108.08,4192700
AGG,22-Mar-2019,108.46,108.755,108.37,108.62,2464000
AGG,25-Mar-2019,108.63,108.989,108.6,108.82,4971200
AGG,26-Mar-2019,108.76,108.93,108.71,108.84,3120500
AGG,27-Mar-2019,109,109.18,108.99,109.07,3719500
AGG,28-Mar-2019,109.06,109.14,108.96,109.08,6070900
AGG,29-Mar-2019,108.85,109.07,108.83,109.07,5988600
AGG,01-Apr-2019,108.62,108.62,108.28,108.31,11261600
AGG,02-Apr-2019,108.39,108.46,108.3201,108.43,8080000
AGG,03-Apr-2019,108.24,108.32,108.19,108.23,3731100
AGG,04-Apr-2019,108.25,108.32,108.2,108.31,3676900
AGG,05-Apr-2019,108.27,108.41,108.23,108.39,2236500
AGG,08-Apr-2019,108.39,108.4,108.3,108.34,9485300
AGG,09-Apr-2019,108.47,108.52,108.39,108.4,3753700
AGG,10-Apr-2019,108.55,108.6367,108.495,108.61,4682000
AGG,11-Apr-2019,108.53,108.53,108.42,108.48,2827700
AGG,12-Apr-2019,108.26,108.35,108.22,108.27,2390500
AGG,15-Apr-2019,108.21,108.3,108.21,108.25,2546200
AGG,16-Apr-2019,108.12,108.21,108.02,108.06,4093900
AGG,17-Apr-2019,108.09,108.1899,108.05,108.05,3390100
AGG,18-Apr-2019,108.23,108.29,108.16,108.19,2217200
AGG,19-Apr-2019,108.19,108.19,108.19,108.19,0
AGG,22-Apr-2019,108.13,108.16,108.05,108.06,5725600
AGG,23-Apr-2019,108.18,108.28,108.15,108.25,3422700
AGG,24-Apr-2019,108.42,108.53,108.42,108.5,3000100
AGG,25-Apr-2019,108.47,108.55,108.42,108.49,2648100
AGG,26-Apr-2019,108.74,108.75,108.66,108.71,2299900
AGG,29-Apr-2019,108.56,108.62,108.49,108.52,2782600
AGG,30-Apr-2019,108.56,108.68,108.5135,108.59,7491500
AGG,01-May-2019,108.47,108.76,108.32,108.4,6387900
AGG,02-May-2019,108.33,108.33,108.1,108.16,3379500
AGG,03-May-2019,108.32,108.42,108.275,108.34,2326200
AGG,06-May-2019,108.56,108.57,108.44,108.48,4609000
AGG,07-May-2019,108.63,108.7,108.585,108.61,3051300
AGG,08-May-2019,108.74,108.81,108.55,108.59,5946300
AGG,09-May-2019,108.78,108.81,108.55,108.65,4847600
AGG,10-May-2019,108.74,108.82,108.63,108.67,5257400
AGG,13-May-2019,108.83,108.9768,108.815,108.85,6733700
AGG,14-May-2019,108.9,108.97,108.87,108.94,6217000
AGG,15-May-2019,109.16,109.18,109,109.13,2666400
AGG,16-May-2019,109.04,109.04,108.95,109,2756900
AGG,17-May-2019,109.12,109.145,108.935,109.03,2090800
AGG,20-May-2019,108.98,109.0568,108.86,108.88,2035000
AGG,21-May-2019,108.86,108.91,108.81,108.87,2029800
AGG,22-May-2019,108.95,109.09,108.92,109.05,3509800
AGG,23-May-2019,109.18,109.5,109.14,109.37,4539000
AGG,24-May-2019,109.37,109.45,109.33,109.41,1764300
AGG,22-Jul-2019,111.41,111.41,111.3,111.31,2855000
AGG,23-Jul-2019,111.27,111.32,111.16,111.2,2659300
AGG,24-Jul-2019,111.33,111.41,111.295,111.36,2783200
AGG,25-Jul-2019,111.33,111.33,111.0474,111.19,2976800
AGG,26-Jul-2019,111.32,111.32,111.14,111.21,4669000
AGG,29-Jul-2019,111.3,111.35,111.22,111.26,4167100
AGG,30-Jul-2019,111.27,111.33,111.16,111.25,2409200
AGG,31-Jul-2019,111.3,111.59,111.07,111.3,10034500
AGG,01-Aug-2019,111.34,111.95,111.26,111.91,5709200
AGG,02-Aug-2019,111.93,112.04,111.82,111.95,3293700
AGG,05-Aug-2019,112.28,112.58,112.25,112.44,7626600
AGG,06-Aug-2019,112.47,112.76,112.4,112.74,5151800
AGG,07-Aug-2019,113.17,113.29,112.61,112.68,9156500
AGG,08-Aug-2019,112.51,112.82,112.33,112.79,3707100
AGG,09-Aug-2019,112.86,112.95,112.575,112.64,2432200
AGG,12-Aug-2019,112.93,113.185,112.87,113.05,2474800
AGG,13-Aug-2019,113.15,113.1504,112.785,112.89,3048400
AGG,14-Aug-2019,113.28,113.38,113.21,113.24,2829900
AGG,15-Aug-2019,113.39,113.91,113.37,113.76,2822300
AGG,16-Aug-2019,113.57,113.685,113.36,113.67,5209000
AGG,19-Aug-2019,113.34,113.46,113.27,113.37,2900700
AGG,20-Aug-2019,113.67,113.7,113.56,113.68,2253500
