Symbol,Date,Open,High,Low,Close,Volume
AXU,01-Jan-2014,1.26,1.26,1.26,1.26,0
AXU,02-Jan-2014,1.3,1.35,1.27,1.35,710300
AXU,03-Jan-2014,1.35,1.4,1.31,1.32,547200
AXU,06-Jan-2014,1.35,1.38,1.31,1.37,255600
AXU,07-Jan-2014,1.36,1.37,1.31,1.37,160400
AXU,08-Jan-2014,1.35,1.37,1.32,1.35,219000
AXU,09-Jan-2014,1.33,1.35,1.26,1.32,547700
AXU,10-Jan-2014,1.34,1.34,1.27,1.31,315900
AXU,13-Jan-2014,1.33,1.44,1.28,1.43,479000
AXU,14-Jan-2014,1.44,1.58,1.4,1.47,1040000
AXU,15-Jan-2014,1.43,1.55,1.41,1.54,409300
AXU,16-Jan-2014,1.57,1.63,1.56,1.61,516000
AXU,17-Jan-2014,1.62,1.72,1.62,1.69,411300
AXU,20-Jan-2014,1.69,1.69,1.69,1.69,0
AXU,21-Jan-2014,1.78,1.93,1.71,1.82,926500
AXU,22-Jan-2014,1.81,1.88,1.71,1.74,395400
AXU,23-Jan-2014,1.8,1.92,1.76,1.78,415500
AXU,24-Jan-2014,1.86,1.88,1.68,1.71,297300
AXU,27-Jan-2014,1.68,1.72,1.44,1.5,733600
AXU,28-Jan-2014,1.53,1.55,1.48,1.55,278800
AXU,29-Jan-2014,1.6,1.71,1.56,1.7,340800
AXU,30-Jan-2014,1.61,1.69,1.6,1.65,143300
AXU,31-Jan-2014,1.68,1.69,1.6,1.6,243200
AXU,03-Feb-2014,1.61,1.65,1.57,1.61,230200
AXU,04-Feb-2014,1.61,1.75,1.59,1.74,239700
AXU,05-Feb-2014,1.81,1.83,1.68,1.78,247100
AXU,06-Feb-2014,1.78,1.82,1.75,1.78,150900
AXU,07-Feb-2014,1.81,1.9,1.76,1.89,292700
AXU,10-Feb-2014,1.95,2.11,1.92,2.06,707200
AXU,11-Feb-2014,2.1,2.13,1.72,1.77,1115500
AXU,12-Feb-2014,1.76,1.9,1.75,1.78,496100
AXU,13-Feb-2014,1.77,1.98,1.76,1.97,410600
AXU,14-Feb-2014,2.01,2.18,2.01,2.1,631500
AXU,17-Feb-2014,2.1,2.1,2.1,2.1,0
AXU,18-Feb-2014,2.11,2.12,2.02,2.07,337000
AXU,19-Feb-2014,2.06,2.14,1.88,1.89,480900
AXU,20-Feb-2014,1.91,2.1,1.91,2.09,304600
AXU,21-Feb-2014,2.1,2.11,2.03,2.08,132200
AXU,24-Feb-2014,2.15,2.16,2.07,2.07,276600
AXU,25-Feb-2014,2.13,2.13,1.98,1.98,196300
AXU,26-Feb-2014,1.98,1.98,1.84,1.88,341200
AXU,27-Feb-2014,1.91,2,1.89,1.95,261500
AXU,28-Feb-2014,2.02,2.02,1.9,1.93,132600
AXU,03-Mar-2014,2.07,2.07,1.89,1.89,210100
AXU,04-Mar-2014,1.83,1.97,1.82,1.91,186200
AXU,05-Mar-2014,1.88,1.97,1.88,1.93,161700
AXU,06-Mar-2014,1.94,2.05,1.94,1.97,246900
AXU,07-Mar-2014,1.92,1.97,1.91,1.95,125300
AXU,10-Mar-2014,1.94,1.95,1.83,1.86,184600
AXU,11-Mar-2014,1.88,1.93,1.8,1.84,254000
AXU,12-Mar-2014,1.89,1.9,1.84,1.87,172200
AXU,13-Mar-2014,1.87,1.95,1.8,1.92,467300
AXU,14-Mar-2014,1.95,2.05,1.9,2.02,588600
AXU,17-Mar-2014,2.02,2.27,2.02,2.13,1167300
AXU,18-Mar-2014,2.04,2.22,1.94,2.2,601300
AXU,19-Mar-2014,2.12,2.16,2.04,2.07,522900
AXU,20-Mar-2014,2.02,2.22,1.95,2.05,716400
AXU,21-Mar-2014,2.1,2.15,1.81,2.15,4347500
AXU,24-Mar-2014,2.03,2.05,1.71,1.81,947400
AXU,25-Mar-2014,1.75,1.85,1.72,1.75,507900
AXU,26-Mar-2014,1.74,1.79,1.53,1.54,609800
AXU,27-Mar-2014,1.53,1.62,1.53,1.6,299700
AXU,28-Mar-2014,1.6,1.69,1.56,1.61,296200
AXU,31-Mar-2014,1.59,1.6,1.5,1.5,185200
AXU,01-Apr-2014,1.53,1.66,1.47,1.51,177800
AXU,02-Apr-2014,1.51,1.59,1.37,1.58,346400
AXU,03-Apr-2014,1.55,1.56,1.49,1.52,151100
AXU,04-Apr-2014,1.58,1.59,1.54,1.56,138800
AXU,07-Apr-2014,1.55,1.57,1.48,1.49,75500
AXU,08-Apr-2014,1.52,1.56,1.5,1.54,109300
AXU,09-Apr-2014,1.51,1.61,1.5,1.59,202400
AXU,10-Apr-2014,1.58,1.62,1.42,1.45,225400
AXU,11-Apr-2014,1.44,1.44,1.4,1.4,241900
AXU,14-Apr-2014,1.4,1.48,1.37,1.45,179200
AXU,15-Apr-2014,1.4,1.41,1.3,1.38,265900
AXU,16-Apr-2014,1.38,1.39,1.34,1.35,94400
AXU,17-Apr-2014,1.35,1.36,1.27,1.29,210400
AXU,18-Apr-2014,1.29,1.29,1.29,1.29,0
AXU,21-Apr-2014,1.27,1.29,1.2,1.24,316500
AXU,22-Apr-2014,1.27,1.31,1.23,1.31,293400
AXU,23-Apr-2014,1.3,1.4,1.29,1.36,222700
AXU,24-Apr-2014,1.35,1.4,1.25,1.27,303600
AXU,25-Apr-2014,1.3,1.33,1.24,1.31,283400
AXU,28-Apr-2014,1.31,1.32,1.21,1.23,334300
AXU,29-Apr-2014,1.24,1.3,1.24,1.29,288300
AXU,30-Apr-2014,1.28,1.32,1.24,1.29,141400
AXU,01-May-2014,1.28,1.32,1.28,1.32,80100
AXU,02-May-2014,1.32,1.4,1.27,1.35,213600
AXU,05-May-2014,1.38,1.39,1.31,1.37,124000
AXU,06-May-2014,1.38,1.43,1.32,1.4,119100
AXU,07-May-2014,1.41,1.41,1.32,1.32,129800
AXU,08-May-2014,1.33,1.37,1.32,1.34,75500
AXU,09-May-2014,1.34,1.34,1.28,1.33,159600
AXU,12-May-2014,1.34,1.34,1.3,1.32,89700
AXU,13-May-2014,1.32,1.34,1.26,1.26,107800
AXU,14-May-2014,1.29,1.31,1.27,1.29,128100
AXU,15-May-2014,1.3,1.35,1.26,1.28,158500
AXU,16-May-2014,1.26,1.33,1.25,1.33,135200
AXU,19-May-2014,1.34,1.35,1.33,1.33,109100
AXU,20-May-2014,1.31,1.31,1.28,1.3,83600
AXU,21-May-2014,1.27,1.38,1.26,1.36,202800
AXU,22-May-2014,1.36,1.38,1.3,1.31,129700
AXU,23-May-2014,1.31,1.33,1.25,1.27,173400
AXU,26-May-2014,1.27,1.27,1.27,1.27,0
AXU,27-May-2014,1.23,1.26,1.15,1.17,390600
AXU,28-May-2014,1.18,1.2,1.11,1.11,492700
AXU,29-May-2014,1.13,1.15,1.06,1.07,502900
AXU,30-May-2014,1.08,1.11,1.03,1.05,394700
AXU,02-Jun-2014,1.05,1.13,1.04,1.06,393700
AXU,03-Jun-2014,1.06,1.1,1.03,1.05,204200
AXU,04-Jun-2014,1.06,1.08,1.02,1.03,261000
AXU,05-Jun-2014,1.01,1.06,0.99,0.99,690800
AXU,06-Jun-2014,0.99,1.02,0.97,0.99,344500
AXU,09-Jun-2014,1,1.03,0.98,1,592100
AXU,10-Jun-2014,1.02,1.06,0.98,0.98,536300
AXU,11-Jun-2014,0.98,1,0.91,0.95,871700
AXU,12-Jun-2014,0.98,1.11,0.98,1.07,945700
AXU,13-Jun-2014,1.1,1.17,1.06,1.12,754000
AXU,16-Jun-2014,1.11,1.15,1,1.02,824900
AXU,17-Jun-2014,1.06,1.13,1.02,1.08,509600
AXU,18-Jun-2014,1.11,1.13,1.08,1.11,702700
AXU,19-Jun-2014,1.16,1.32,1.13,1.28,1851400
AXU,20-Jun-2014,1.31,1.36,1.24,1.27,6334900
AXU,23-Jun-2014,1.31,1.4,1.29,1.32,825300
AXU,24-Jun-2014,1.31,1.42,1.31,1.4,535500
AXU,25-Jun-2014,1.41,1.41,1.31,1.31,344800
AXU,26-Jun-2014,1.3,1.34,1.28,1.31,577500
AXU,27-Jun-2014,1.28,1.31,1.26,1.27,304800
AXU,30-Jun-2014,1.26,1.3,1.21,1.26,292100
AXU,01-Jul-2014,1.26,1.31,1.21,1.22,189600
AXU,02-Jul-2014,1.22,1.29,1.22,1.26,244400
AXU,03-Jul-2014,1.27,1.27,1.2,1.2,340600
AXU,04-Jul-2014,1.2,1.2,1.2,1.2,0
AXU,07-Jul-2014,1.24,1.27,1.2,1.2,289100
AXU,08-Jul-2014,1.24,1.28,1.18,1.25,227800
AXU,09-Jul-2014,1.24,1.35,1.23,1.32,446400
AXU,10-Jul-2014,1.4,1.44,1.3,1.31,574000
AXU,11-Jul-2014,1.3,1.4,1.3,1.38,442000
AXU,14-Jul-2014,1.24,1.39,1.24,1.3,516700
AXU,15-Jul-2014,1.31,1.36,1.24,1.24,395500
AXU,16-Jul-2014,1.24,1.29,1.22,1.23,192600
AXU,17-Jul-2014,1.22,1.31,1.22,1.3,164200
AXU,18-Jul-2014,1.29,1.3,1.26,1.28,93000
AXU,21-Jul-2014,1.28,1.3,1.26,1.29,85900
AXU,22-Jul-2014,1.29,1.29,1.25,1.25,136700
AXU,23-Jul-2014,1.25,1.29,1.25,1.25,78200
AXU,24-Jul-2014,1.25,1.26,1.2,1.2,205200
AXU,25-Jul-2014,1.2,1.25,1.2,1.23,80600
AXU,28-Jul-2014,1.24,1.28,1.23,1.27,171800
AXU,29-Jul-2014,1.28,1.28,1.24,1.25,109400
AXU,30-Jul-2014,1.05,1.09,1.01,1.02,2222800
AXU,31-Jul-2014,1.02,1.04,1.01,1.02,819300
AXU,01-Aug-2014,1.04,1.04,1.01,1.03,360500
AXU,04-Aug-2014,1.04,1.05,1.02,1.03,383700
AXU,05-Aug-2014,1.03,1.04,0.95,0.98,587600
AXU,06-Aug-2014,1.02,1.03,1,1.02,332800
AXU,07-Aug-2014,1,1.05,0.98,0.98,343400
AXU,08-Aug-2014,1,1.01,0.96,0.97,421900
AXU,11-Aug-2014,0.99,1,0.96,0.99,366100
AXU,12-Aug-2014,0.99,1.01,0.97,0.99,344000
AXU,13-Aug-2014,0.99,1,0.97,0.97,230300
AXU,14-Aug-2014,0.98,0.99,0.96,0.96,286500
AXU,15-Aug-2014,0.96,1,0.96,0.99,203200
AXU,18-Aug-2014,0.98,1.07,0.97,1.02,525000
AXU,19-Aug-2014,1.03,1.04,1.01,1.03,381900
AXU,20-Aug-2014,1.04,1.04,1,1.01,165800
AXU,21-Aug-2014,1,1.02,1,1,158300
AXU,22-Aug-2014,1.01,1.01,0.99,0.99,137300
AXU,25-Aug-2014,0.99,0.99,0.97,0.97,324500
AXU,26-Aug-2014,0.99,0.99,0.97,0.98,88200
AXU,27-Aug-2014,0.97,0.99,0.97,0.97,126100
AXU,28-Aug-2014,0.98,0.99,0.97,0.98,149400
AXU,29-Aug-2014,0.98,1,0.98,0.99,252000
AXU,01-Sep-2014,0.99,0.99,0.99,0.99,0
AXU,02-Sep-2014,0.98,0.98,0.94,0.96,262100
AXU,03-Sep-2014,0.99,0.99,0.94,0.95,87700
AXU,04-Sep-2014,0.95,0.96,0.93,0.93,160900
AXU,05-Sep-2014,0.93,0.94,0.9,0.92,393100
AXU,08-Sep-2014,0.92,0.93,0.9,0.91,241300
AXU,09-Sep-2014,0.9,0.92,0.89,0.89,223100
AXU,10-Sep-2014,0.89,0.91,0.89,0.9,266600
AXU,11-Sep-2014,0.89,0.92,0.89,0.9,127800
AXU,12-Sep-2014,0.91,0.93,0.89,0.9,279100
AXU,15-Sep-2014,0.91,0.94,0.9,0.94,123300
AXU,16-Sep-2014,0.95,0.96,0.91,0.94,138200
AXU,17-Sep-2014,0.93,0.94,0.91,0.91,87200
AXU,18-Sep-2014,0.9,0.91,0.9,0.9,163900
AXU,19-Sep-2014,0.9,0.91,0.89,0.89,209300
AXU,22-Sep-2014,0.9,0.9,0.84,0.85,267400
AXU,23-Sep-2014,0.85,0.86,0.75,0.83,256700
AXU,24-Sep-2014,0.83,0.85,0.77,0.77,173200
AXU,25-Sep-2014,0.76,0.77,0.72,0.75,327400
AXU,26-Sep-2014,0.75,0.76,0.72,0.73,134600
AXU,29-Sep-2014,0.72,0.73,0.7,0.7,157700
AXU,30-Sep-2014,0.7,0.71,0.65,0.67,277900
AXU,01-Oct-2014,0.68,0.69,0.65,0.66,183200
AXU,02-Oct-2014,0.66,0.68,0.62,0.63,263600
AXU,03-Oct-2014,0.63,0.64,0.59,0.59,331300
AXU,06-Oct-2014,0.6,0.62,0.57,0.61,292600
AXU,07-Oct-2014,0.6,0.62,0.58,0.58,93600
AXU,08-Oct-2014,0.6,0.63,0.57,0.63,215400
AXU,09-Oct-2014,0.66,0.66,0.58,0.6,202100
AXU,10-Oct-2014,0.6,0.61,0.57,0.6,171800
AXU,13-Oct-2014,0.59,0.63,0.58,0.6,148700
AXU,14-Oct-2014,0.6,0.62,0.59,0.6,152300
AXU,15-Oct-2014,0.59,0.61,0.57,0.61,317500
AXU,16-Oct-2014,0.59,0.62,0.59,0.6,75400
AXU,17-Oct-2014,0.61,0.62,0.52,0.55,411500
AXU,20-Oct-2014,0.54,0.56,0.52,0.54,172900
AXU,21-Oct-2014,0.52,0.57,0.51,0.55,231200
AXU,22-Oct-2014,0.52,0.52,0.51,0.51,449300
AXU,23-Oct-2014,0.5,0.52,0.49,0.5,302900
AXU,24-Oct-2014,0.5,0.53,0.5,0.51,216700
AXU,27-Oct-2014,0.5,0.52,0.49,0.52,152900
AXU,28-Oct-2014,0.5,0.53,0.5,0.53,219200
AXU,29-Oct-2014,0.52,0.53,0.5,0.51,197000
AXU,30-Oct-2014,0.5,0.51,0.47,0.48,280600
AXU,31-Oct-2014,0.47,0.5,0.44,0.48,394400
AXU,03-Nov-2014,0.52,0.52,0.46,0.48,282800
AXU,04-Nov-2014,0.49,0.52,0.46,0.49,339100
AXU,05-Nov-2014,0.48,0.48,0.44,0.45,408800
AXU,06-Nov-2014,0.46,0.51,0.46,0.5,183700
AXU,07-Nov-2014,0.5,0.54,0.49,0.53,352700
AXU,10-Nov-2014,0.51,0.53,0.5,0.5,265700
AXU,11-Nov-2014,0.5,0.52,0.5,0.51,141000
AXU,12-Nov-2014,0.49,0.52,0.49,0.5,89400
AXU,13-Nov-2014,0.5,0.51,0.48,0.48,182200
AXU,14-Nov-2014,0.5,0.54,0.48,0.53,357300
AXU,17-Nov-2014,0.53,0.54,0.51,0.53,134600
AXU,18-Nov-2014,0.54,0.59,0.54,0.58,478600
AXU,19-Nov-2014,0.59,0.59,0.55,0.55,174800
AXU,20-Nov-2014,0.55,0.59,0.55,0.59,162300
AXU,21-Nov-2014,0.58,0.62,0.58,0.59,226400
AXU,24-Nov-2014,0.6,0.61,0.57,0.59,235400
AXU,25-Nov-2014,0.59,0.64,0.58,0.62,286100
AXU,26-Nov-2014,0.66,0.68,0.61,0.65,290100
AXU,27-Nov-2014,0.65,0.65,0.65,0.65,0
AXU,28-Nov-2014,0.63,0.67,0.59,0.6,163800
AXU,01-Dec-2014,0.61,0.65,0.58,0.64,262900
AXU,02-Dec-2014,0.64,0.64,0.58,0.6,230900
AXU,03-Dec-2014,0.59,0.61,0.58,0.61,102100
AXU,04-Dec-2014,0.59,0.6,0.55,0.58,188400
AXU,05-Dec-2014,0.56,0.58,0.52,0.55,239200
AXU,08-Dec-2014,0.55,0.56,0.51,0.54,90400
AXU,09-Dec-2014,0.53,0.59,0.53,0.54,315100
AXU,10-Dec-2014,0.52,0.55,0.51,0.52,174400
AXU,11-Dec-2014,0.53,0.53,0.51,0.51,188600
AXU,12-Dec-2014,0.53,0.53,0.49,0.51,208000
AXU,15-Dec-2014,0.49,0.51,0.48,0.5,225800
AXU,16-Dec-2014,0.5,0.5,0.48,0.48,123200
AXU,17-Dec-2014,0.48,0.5,0.47,0.49,146900
AXU,18-Dec-2014,0.5,0.51,0.46,0.49,205100
AXU,19-Dec-2014,0.48,0.5,0.47,0.5,199200
AXU,22-Dec-2014,0.5,0.5,0.46,0.46,326800
AXU,23-Dec-2014,0.49,0.49,0.47,0.48,126400
AXU,24-Dec-2014,0.48,0.5,0.47,0.5,105400
AXU,25-Dec-2014,0.5,0.5,0.5,0.5,0
AXU,26-Dec-2014,0.5,0.6,0.5,0.56,388300
AXU,29-Dec-2014,0.56,0.58,0.51,0.53,334400
AXU,30-Dec-2014,0.54,0.55,0.52,0.53,301600
AXU,31-Dec-2014,0.51,0.52,0.5,0.51,260100
AXU,01-Jan-2015,0.51,0.51,0.51,0.51,0
AXU,02-Jan-2015,0.5,0.54,0.5,0.54,108400
AXU,05-Jan-2015,0.54,0.55,0.53,0.55,144000
AXU,06-Jan-2015,0.55,0.58,0.52,0.55,500400
AXU,07-Jan-2015,0.56,0.56,0.51,0.55,193600
AXU,08-Jan-2015,0.55,0.56,0.53,0.55,106500
AXU,09-Jan-2015,0.55,0.55,0.53,0.55,75500
AXU,12-Jan-2015,0.56,0.56,0.53,0.54,293900
AXU,13-Jan-2015,0.56,0.57,0.51,0.51,292600
AXU,14-Jan-2015,0.53,0.53,0.48,0.49,420000
AXU,15-Jan-2015,0.51,0.52,0.48,0.52,333600
AXU,16-Jan-2015,0.51,0.55,0.49,0.55,414400
AXU,19-Jan-2015,0.55,0.55,0.55,0.55,0
AXU,20-Jan-2015,0.55,0.62,0.53,0.62,1340600
AXU,21-Jan-2015,0.64,0.68,0.6,0.64,570700
AXU,22-Jan-2015,0.63,0.64,0.6,0.63,257200
AXU,23-Jan-2015,0.62,0.63,0.6,0.62,220700
AXU,26-Jan-2015,0.6,0.61,0.56,0.58,155300
AXU,27-Jan-2015,0.59,0.61,0.58,0.59,240900
AXU,28-Jan-2015,0.59,0.59,0.55,0.56,297600
AXU,29-Jan-2015,0.54,0.55,0.51,0.55,239600
AXU,30-Jan-2015,0.53,0.54,0.49,0.53,302000
AXU,02-Feb-2015,0.52,0.53,0.5,0.52,287600
AXU,03-Feb-2015,0.51,0.52,0.51,0.52,87500
AXU,04-Feb-2015,0.52,0.52,0.49,0.52,333800
AXU,05-Feb-2015,0.52,0.55,0.51,0.55,176900
AXU,06-Feb-2015,0.53,0.54,0.5,0.51,210100
AXU,09-Feb-2015,0.5,0.54,0.5,0.51,136200
AXU,10-Feb-2015,0.51,0.51,0.48,0.49,264200
AXU,11-Feb-2015,0.51,0.51,0.47,0.48,283900
AXU,12-Feb-2015,0.48,0.48,0.45,0.47,517200
AXU,13-Feb-2015,0.47,0.5,0.45,0.47,161900
AXU,16-Feb-2015,0.47,0.47,0.47,0.47,0
AXU,17-Feb-2015,0.46,0.48,0.46,0.47,230900
AXU,18-Feb-2015,0.48,0.49,0.47,0.48,195300
AXU,19-Feb-2015,0.49,0.49,0.48,0.48,161100
AXU,20-Feb-2015,0.48,0.49,0.47,0.48,96600
AXU,23-Feb-2015,0.47,0.48,0.46,0.46,162100
AXU,24-Feb-2015,0.46,0.47,0.45,0.46,85900
AXU,25-Feb-2015,0.46,0.47,0.44,0.44,136500
AXU,26-Feb-2015,0.45,0.46,0.43,0.43,283500
AXU,27-Feb-2015,0.44,0.45,0.42,0.42,208400
AXU,02-Mar-2015,0.42,0.43,0.42,0.43,98100
AXU,03-Mar-2015,0.43,0.44,0.43,0.43,33100
AXU,04-Mar-2015,0.43,0.43,0.41,0.43,101100
AXU,05-Mar-2015,0.43,0.44,0.4,0.41,290500
AXU,06-Mar-2015,0.4,0.41,0.38,0.4,326200
AXU,09-Mar-2015,0.39,0.4,0.37,0.38,183300
AXU,10-Mar-2015,0.38,0.39,0.27,0.27,1592200
AXU,11-Mar-2015,0.3,0.39,0.26,0.37,1199500
AXU,12-Mar-2015,0.39,0.4,0.34,0.36,395600
AXU,13-Mar-2015,0.36,0.4,0.34,0.4,114900
AXU,16-Mar-2015,0.4,0.41,0.37,0.37,163900
AXU,17-Mar-2015,0.38,0.38,0.35,0.38,100100
AXU,18-Mar-2015,0.37,0.41,0.36,0.41,196600
AXU,19-Mar-2015,0.41,0.41,0.37,0.38,107700
AXU,20-Mar-2015,0.38,0.4,0.37,0.38,324700
AXU,23-Mar-2015,0.38,0.38,0.31,0.33,763600
AXU,24-Mar-2015,0.33,0.41,0.33,0.4,242400
AXU,25-Mar-2015,0.4,0.41,0.36,0.38,136100
AXU,26-Mar-2015,0.41,0.41,0.36,0.36,94600
AXU,27-Mar-2015,0.35,0.39,0.33,0.39,136400
AXU,30-Mar-2015,0.39,0.39,0.36,0.38,46100
AXU,31-Mar-2015,0.38,0.39,0.35,0.37,104000
AXU,01-Apr-2015,0.38,0.38,0.35,0.36,215500
AXU,02-Apr-2015,0.35,0.36,0.31,0.35,160400
AXU,03-Apr-2015,0.35,0.35,0.35,0.35,0
AXU,06-Apr-2015,0.35,0.37,0.35,0.36,170400
AXU,07-Apr-2015,0.37,0.37,0.35,0.36,60700
AXU,08-Apr-2015,0.36,0.36,0.35,0.35,44000
AXU,09-Apr-2015,0.35,0.36,0.35,0.35,24100
AXU,10-Apr-2015,0.36,0.36,0.34,0.35,122000
AXU,13-Apr-2015,0.35,0.35,0.35,0.35,61600
AXU,14-Apr-2015,0.35,0.38,0.35,0.37,97300
AXU,15-Apr-2015,0.36,0.38,0.35,0.38,175400
AXU,16-Apr-2015,0.38,0.41,0.37,0.37,472700
AXU,17-Apr-2015,0.37,0.38,0.36,0.37,141000
AXU,20-Apr-2015,0.38,0.41,0.37,0.37,357700
AXU,21-Apr-2015,0.39,0.39,0.37,0.37,193900
AXU,22-Apr-2015,0.38,0.39,0.36,0.37,101900
AXU,23-Apr-2015,0.37,0.39,0.37,0.39,162600
AXU,24-Apr-2015,0.39,0.4,0.37,0.37,73300
AXU,27-Apr-2015,0.38,0.42,0.38,0.4,166300
AXU,28-Apr-2015,0.39,0.44,0.39,0.44,263500
AXU,29-Apr-2015,0.44,0.44,0.4,0.41,287300
AXU,30-Apr-2015,0.42,0.43,0.4,0.41,241500
AXU,01-May-2015,0.42,0.43,0.42,0.42,52700
AXU,04-May-2015,0.42,0.43,0.4,0.4,177300
AXU,05-May-2015,0.41,0.42,0.41,0.42,53600
AXU,06-May-2015,0.42,0.43,0.4,0.41,57600
AXU,07-May-2015,0.41,0.42,0.4,0.4,70700
AXU,08-May-2015,0.4,0.41,0.4,0.4,46000
AXU,11-May-2015,0.41,0.41,0.37,0.38,200100
AXU,12-May-2015,0.39,0.4,0.38,0.39,117200
AXU,13-May-2015,0.4,0.42,0.38,0.4,156200
AXU,14-May-2015,0.42,0.43,0.4,0.42,167700
AXU,15-May-2015,0.42,0.5,0.42,0.47,608500
AXU,18-May-2015,0.47,0.55,0.47,0.5,341400
AXU,19-May-2015,0.5,0.52,0.45,0.51,220100
AXU,20-May-2015,0.52,0.53,0.5,0.5,249500
AXU,21-May-2015,0.5,0.51,0.47,0.47,150500
AXU,22-May-2015,0.47,0.49,0.47,0.48,113000
AXU,25-May-2015,0.48,0.48,0.48,0.48,0
AXU,26-May-2015,0.47,0.48,0.46,0.46,57700
AXU,27-May-2015,0.47,0.5,0.46,0.46,122300
AXU,28-May-2015,0.47,0.47,0.45,0.45,44200
AXU,29-May-2015,0.46,0.52,0.45,0.49,145400
AXU,01-Jun-2015,0.5,0.5,0.45,0.46,149400
AXU,02-Jun-2015,0.47,0.48,0.46,0.48,51800
AXU,03-Jun-2015,0.48,0.48,0.44,0.45,190800
AXU,04-Jun-2015,0.45,0.46,0.42,0.43,191900
AXU,05-Jun-2015,0.42,0.43,0.41,0.41,85500
AXU,08-Jun-2015,0.4,0.42,0.4,0.41,39200
AXU,09-Jun-2015,0.41,0.42,0.4,0.41,119300
AXU,10-Jun-2015,0.42,0.42,0.4,0.41,58900
AXU,11-Jun-2015,0.4,0.42,0.4,0.4,54700
AXU,12-Jun-2015,0.39,0.44,0.39,0.41,88400
AXU,15-Jun-2015,0.41,0.45,0.4,0.44,57800
AXU,16-Jun-2015,0.43,0.45,0.41,0.41,163100
AXU,17-Jun-2015,0.42,0.43,0.39,0.4,174000
AXU,18-Jun-2015,0.4,0.43,0.4,0.42,85300
AXU,19-Jun-2015,0.41,0.44,0.4,0.42,121500
AXU,22-Jun-2015,0.42,0.44,0.41,0.41,33400
AXU,23-Jun-2015,0.41,0.41,0.39,0.39,56100
AXU,24-Jun-2015,0.39,0.4,0.35,0.36,479400
AXU,25-Jun-2015,0.36,0.38,0.35,0.36,115800
AXU,26-Jun-2015,0.36,0.38,0.35,0.37,110500
AXU,29-Jun-2015,0.38,0.38,0.36,0.36,56600
AXU,30-Jun-2015,0.36,0.37,0.32,0.34,277600
AXU,01-Jul-2015,0.35,0.35,0.33,0.34,110000
AXU,02-Jul-2015,0.34,0.34,0.33,0.34,105800
AXU,03-Jul-2015,0.34,0.34,0.34,0.34,0
AXU,06-Jul-2015,0.34,0.37,0.34,0.34,194200
AXU,07-Jul-2015,0.34,0.34,0.31,0.32,168100
AXU,08-Jul-2015,0.32,0.33,0.32,0.32,98700
AXU,09-Jul-2015,0.32,0.33,0.31,0.33,70600
AXU,10-Jul-2015,0.32,0.34,0.32,0.34,91400
AXU,13-Jul-2015,0.34,0.36,0.33,0.35,133200
AXU,14-Jul-2015,0.35,0.36,0.34,0.35,51300
AXU,15-Jul-2015,0.35,0.36,0.33,0.35,74600
AXU,16-Jul-2015,0.35,0.35,0.33,0.35,31600
AXU,17-Jul-2015,0.35,0.35,0.32,0.34,142800
AXU,20-Jul-2015,0.32,0.33,0.31,0.31,402500
AXU,21-Jul-2015,0.31,0.34,0.3,0.32,186600
AXU,22-Jul-2015,0.32,0.32,0.3,0.31,160400
AXU,23-Jul-2015,0.32,0.33,0.31,0.32,86000
AXU,24-Jul-2015,0.32,0.32,0.29,0.31,531800
AXU,27-Jul-2015,0.31,0.33,0.29,0.29,158100
AXU,28-Jul-2015,0.3,0.32,0.3,0.31,227100
AXU,29-Jul-2015,0.31,0.33,0.31,0.32,135500
AXU,30-Jul-2015,0.32,0.33,0.31,0.32,100200
AXU,31-Jul-2015,0.32,0.33,0.31,0.31,114000
AXU,03-Aug-2015,0.31,0.33,0.31,0.31,35400
AXU,04-Aug-2015,0.31,0.33,0.3,0.31,68400
AXU,05-Aug-2015,0.31,0.32,0.3,0.3,62000
AXU,06-Aug-2015,0.31,0.33,0.3,0.31,124000
AXU,07-Aug-2015,0.32,0.33,0.32,0.32,164200
AXU,10-Aug-2015,0.32,0.33,0.32,0.33,109000
AXU,11-Aug-2015,0.34,0.34,0.33,0.33,76900
AXU,12-Aug-2015,0.33,0.38,0.33,0.38,345300
AXU,13-Aug-2015,0.37,0.37,0.34,0.35,123500
AXU,14-Aug-2015,0.36,0.36,0.34,0.35,90000
AXU,17-Aug-2015,0.35,0.37,0.35,0.35,235800
AXU,18-Aug-2015,0.34,0.35,0.33,0.35,104800
AXU,19-Aug-2015,0.36,0.37,0.34,0.37,131000
AXU,20-Aug-2015,0.37,0.37,0.35,0.36,161300
AXU,21-Aug-2015,0.37,0.37,0.36,0.36,111200
AXU,24-Aug-2015,0.34,0.35,0.33,0.34,116900
AXU,25-Aug-2015,0.34,0.35,0.33,0.33,105800
AXU,26-Aug-2015,0.33,0.33,0.3,0.31,222700
AXU,27-Aug-2015,0.31,0.33,0.3,0.31,153300
AXU,28-Aug-2015,0.32,0.33,0.3,0.3,196700
AXU,31-Aug-2015,0.31,0.32,0.3,0.31,126700
AXU,01-Sep-2015,0.32,0.32,0.3,0.31,134500
AXU,02-Sep-2015,0.31,0.32,0.31,0.31,109900
AXU,03-Sep-2015,0.31,0.33,0.31,0.33,57500
AXU,04-Sep-2015,0.32,0.33,0.3,0.31,175500
AXU,07-Sep-2015,0.31,0.31,0.31,0.31,0
AXU,08-Sep-2015,0.31,0.33,0.3,0.33,98000
AXU,09-Sep-2015,0.33,0.33,0.31,0.32,57400
AXU,10-Sep-2015,0.33,0.33,0.32,0.32,36900
AXU,11-Sep-2015,0.31,0.33,0.31,0.33,36500
AXU,14-Sep-2015,0.33,0.35,0.32,0.35,82600
AXU,15-Sep-2015,0.35,0.35,0.34,0.34,16300
AXU,16-Sep-2015,0.35,0.41,0.34,0.41,460200
AXU,17-Sep-2015,0.4,0.5,0.35,0.49,855000
AXU,18-Sep-2015,0.49,0.49,0.44,0.46,273800
AXU,21-Sep-2015,0.46,0.48,0.43,0.46,291600
AXU,22-Sep-2015,0.45,0.46,0.42,0.42,204900
AXU,23-Sep-2015,0.43,0.44,0.43,0.44,92900
AXU,24-Sep-2015,0.43,0.47,0.43,0.46,162200
AXU,25-Sep-2015,0.45,0.47,0.42,0.46,131700
AXU,28-Sep-2015,0.46,0.47,0.42,0.42,91700
AXU,29-Sep-2015,0.43,0.44,0.42,0.43,78300
AXU,30-Sep-2015,0.43,0.44,0.38,0.4,383700
AXU,01-Oct-2015,0.4,0.42,0.4,0.41,57900
AXU,02-Oct-2015,0.42,0.44,0.42,0.44,155100
AXU,05-Oct-2015,0.45,0.48,0.42,0.48,211600
AXU,06-Oct-2015,0.48,0.48,0.45,0.47,256000
AXU,07-Oct-2015,0.48,0.48,0.45,0.46,47700
AXU,08-Oct-2015,0.46,0.49,0.46,0.48,122500
AXU,09-Oct-2015,0.49,0.5,0.48,0.5,260100
AXU,12-Oct-2015,0.52,0.55,0.51,0.51,169000
AXU,13-Oct-2015,0.5,0.51,0.47,0.48,111300
AXU,14-Oct-2015,0.49,0.51,0.49,0.5,147300
AXU,15-Oct-2015,0.51,0.51,0.49,0.49,134500
AXU,16-Oct-2015,0.5,0.52,0.5,0.5,154700
AXU,19-Oct-2015,0.5,0.51,0.46,0.47,228800
AXU,20-Oct-2015,0.46,0.49,0.44,0.47,119200
AXU,21-Oct-2015,0.47,0.48,0.46,0.47,53100
AXU,22-Oct-2015,0.48,0.5,0.46,0.48,41700
AXU,23-Oct-2015,0.49,0.51,0.48,0.49,69300
AXU,26-Oct-2015,0.49,0.5,0.48,0.48,34400
AXU,27-Oct-2015,0.48,0.5,0.48,0.48,50700
AXU,28-Oct-2015,0.49,0.51,0.48,0.49,198300
AXU,29-Oct-2015,0.49,0.5,0.48,0.49,143000
AXU,30-Oct-2015,0.49,0.49,0.47,0.48,100400
AXU,02-Nov-2015,0.49,0.5,0.47,0.5,90800
AXU,03-Nov-2015,0.49,0.49,0.47,0.48,101200
AXU,04-Nov-2015,0.49,0.49,0.45,0.47,126800
AXU,05-Nov-2015,0.47,0.47,0.44,0.46,109400
AXU,06-Nov-2015,0.45,0.45,0.42,0.44,95600
AXU,09-Nov-2015,0.42,0.42,0.41,0.41,137500
AXU,10-Nov-2015,0.41,0.42,0.4,0.4,81100
AXU,11-Nov-2015,0.4,0.41,0.4,0.41,41900
AXU,12-Nov-2015,0.4,0.4,0.34,0.36,331600
AXU,13-Nov-2015,0.37,0.37,0.35,0.37,66100
AXU,16-Nov-2015,0.38,0.38,0.33,0.36,64100
AXU,17-Nov-2015,0.36,0.36,0.34,0.34,106300
AXU,18-Nov-2015,0.34,0.37,0.34,0.35,63900
AXU,19-Nov-2015,0.36,0.37,0.36,0.36,296300
AXU,20-Nov-2015,0.37,0.37,0.35,0.37,21900
AXU,23-Nov-2015,0.36,0.36,0.35,0.35,40000
AXU,24-Nov-2015,0.36,0.36,0.34,0.34,137100
AXU,25-Nov-2015,0.35,0.36,0.34,0.36,217400
AXU,26-Nov-2015,0.36,0.36,0.36,0.36,0
AXU,27-Nov-2015,0.36,0.36,0.34,0.34,179300
AXU,30-Nov-2015,0.34,0.35,0.34,0.34,106800
AXU,01-Dec-2015,0.35,0.35,0.34,0.34,96300
AXU,02-Dec-2015,0.35,0.35,0.33,0.35,63100
AXU,03-Dec-2015,0.34,0.35,0.34,0.34,51800
AXU,04-Dec-2015,0.35,0.37,0.34,0.35,195000
AXU,07-Dec-2015,0.38,0.38,0.35,0.36,228300
AXU,08-Dec-2015,0.36,0.37,0.33,0.34,82000
AXU,09-Dec-2015,0.34,0.35,0.32,0.32,98200
AXU,10-Dec-2015,0.33,0.34,0.32,0.32,179900
AXU,11-Dec-2015,0.33,0.34,0.32,0.33,117300
AXU,14-Dec-2015,0.34,0.34,0.32,0.32,165700
AXU,15-Dec-2015,0.36,0.36,0.32,0.32,105800
AXU,16-Dec-2015,0.34,0.36,0.34,0.34,162100
AXU,17-Dec-2015,0.33,0.33,0.31,0.32,146500
AXU,18-Dec-2015,0.31,0.33,0.31,0.33,36400
AXU,21-Dec-2015,0.33,0.34,0.32,0.34,122400
AXU,22-Dec-2015,0.34,0.36,0.34,0.35,255200
AXU,23-Dec-2015,0.35,0.38,0.35,0.37,149200
AXU,24-Dec-2015,0.38,0.39,0.37,0.37,70900
AXU,25-Dec-2015,0.37,0.37,0.37,0.37,0
AXU,28-Dec-2015,0.37,0.41,0.37,0.38,112300
AXU,29-Dec-2015,0.38,0.39,0.36,0.36,145400
AXU,30-Dec-2015,0.38,0.38,0.35,0.35,208100
AXU,31-Dec-2015,0.35,0.36,0.33,0.34,263600
AXU,01-Jan-2016,0.34,0.34,0.34,0.34,0
AXU,04-Jan-2016,0.34,0.35,0.34,0.35,271400
AXU,05-Jan-2016,0.37,0.37,0.34,0.35,78500
AXU,06-Jan-2016,0.35,0.36,0.34,0.35,104200
AXU,07-Jan-2016,0.34,0.35,0.34,0.34,120300
AXU,08-Jan-2016,0.35,0.35,0.34,0.34,87400
AXU,11-Jan-2016,0.35,0.35,0.33,0.33,99200
AXU,12-Jan-2016,0.33,0.33,0.31,0.31,128600
AXU,13-Jan-2016,0.32,0.33,0.31,0.31,52400
AXU,14-Jan-2016,0.32,0.32,0.3,0.31,79200
AXU,15-Jan-2016,0.31,0.32,0.31,0.32,96400
AXU,18-Jan-2016,0.32,0.32,0.32,0.32,0
AXU,19-Jan-2016,0.33,0.33,0.22,0.28,702800
AXU,20-Jan-2016,0.29,0.29,0.27,0.29,489300
AXU,21-Jan-2016,0.29,0.36,0.28,0.34,410200
AXU,22-Jan-2016,0.33,0.34,0.33,0.33,217700
AXU,25-Jan-2016,0.33,0.35,0.32,0.34,130100
AXU,26-Jan-2016,0.35,0.4,0.35,0.39,534300
AXU,27-Jan-2016,0.39,0.4,0.38,0.39,199400
AXU,28-Jan-2016,0.4,0.4,0.35,0.36,371600
AXU,29-Jan-2016,0.37,0.38,0.36,0.38,150700
AXU,01-Feb-2016,0.37,0.41,0.37,0.4,140100
AXU,02-Feb-2016,0.38,0.4,0.37,0.37,67800
AXU,03-Feb-2016,0.38,0.4,0.37,0.39,205800
AXU,04-Feb-2016,0.41,0.44,0.4,0.43,362800
AXU,05-Feb-2016,0.43,0.46,0.41,0.46,305800
AXU,08-Feb-2016,0.47,0.54,0.47,0.49,444800
AXU,09-Feb-2016,0.5,0.52,0.48,0.48,313700
AXU,10-Feb-2016,0.48,0.52,0.47,0.51,233700
AXU,11-Feb-2016,0.55,0.6,0.54,0.59,532200
AXU,12-Feb-2016,0.59,0.67,0.55,0.67,555600
AXU,15-Feb-2016,0.67,0.67,0.67,0.67,0
AXU,16-Feb-2016,0.63,0.66,0.6,0.64,549300
AXU,17-Feb-2016,0.65,0.73,0.64,0.7,509900
AXU,18-Feb-2016,0.7,0.83,0.67,0.78,676100
AXU,19-Feb-2016,0.8,0.82,0.68,0.76,529300
AXU,22-Feb-2016,0.71,0.73,0.62,0.68,418300
AXU,23-Feb-2016,0.68,0.72,0.66,0.69,220700
AXU,24-Feb-2016,0.71,0.75,0.71,0.73,404100
AXU,25-Feb-2016,0.74,0.74,0.71,0.74,164600
AXU,26-Feb-2016,0.73,0.74,0.69,0.7,264800
AXU,29-Feb-2016,0.69,0.74,0.68,0.72,318100
AXU,01-Mar-2016,0.71,0.71,0.64,0.67,171100
AXU,02-Mar-2016,0.67,0.69,0.64,0.69,199600
AXU,03-Mar-2016,0.69,0.74,0.67,0.73,203900
AXU,04-Mar-2016,0.73,0.78,0.7,0.7,441500
AXU,07-Mar-2016,0.72,0.76,0.69,0.75,572800
AXU,08-Mar-2016,0.76,0.8,0.74,0.76,279800
AXU,09-Mar-2016,0.75,0.76,0.7,0.74,225000
AXU,10-Mar-2016,0.74,0.78,0.73,0.77,264200
AXU,11-Mar-2016,0.77,0.78,0.73,0.76,234000
AXU,14-Mar-2016,0.75,0.8,0.71,0.74,153600
AXU,15-Mar-2016,0.73,0.74,0.67,0.69,135600
AXU,16-Mar-2016,0.69,0.77,0.69,0.75,273700
AXU,17-Mar-2016,0.76,0.86,0.76,0.83,611300
AXU,18-Mar-2016,0.83,0.86,0.8,0.86,238400
AXU,21-Mar-2016,0.86,1,0.85,1,774500
AXU,22-Mar-2016,1.08,1.17,1.03,1.09,1398800
AXU,23-Mar-2016,1.04,1.06,1.01,1.04,799300
AXU,24-Mar-2016,1.02,1.02,0.86,1.01,657000
AXU,25-Mar-2016,1.01,1.01,1.01,1.01,0
AXU,28-Mar-2016,0.98,1.11,0.96,1,542600
AXU,29-Mar-2016,0.99,1.05,0.94,1.05,388100
AXU,30-Mar-2016,1.06,1.1,1,1.01,312900
AXU,31-Mar-2016,1.04,1.06,0.96,0.96,233300
AXU,01-Apr-2016,0.94,0.99,0.91,0.96,251300
AXU,04-Apr-2016,0.94,1,0.94,0.98,254700
AXU,05-Apr-2016,1,1,0.91,0.92,305900
AXU,06-Apr-2016,0.91,0.95,0.87,0.91,635400
AXU,07-Apr-2016,0.93,0.98,0.92,0.95,347000
AXU,08-Apr-2016,1,1.09,0.96,1.08,608800
AXU,11-Apr-2016,1.14,1.23,1.07,1.08,1078600
AXU,12-Apr-2016,1.11,1.12,1.06,1.08,456700
AXU,13-Apr-2016,1.07,1.07,1.01,1.03,564400
AXU,14-Apr-2016,1.03,1.04,0.97,1.01,275000
AXU,15-Apr-2016,1.02,1.06,1,1.05,333500
AXU,18-Apr-2016,1.06,1.09,1.05,1.09,666700
AXU,19-Apr-2016,1.19,1.22,1.16,1.18,945900
AXU,20-Apr-2016,1.2,1.28,1.13,1.14,1137700
AXU,21-Apr-2016,1.21,1.24,1.09,1.11,710000
AXU,22-Apr-2016,1.17,1.2,1.11,1.11,927300
AXU,25-Apr-2016,1.1,1.18,1.1,1.1,475500
AXU,26-Apr-2016,1.11,1.18,1.11,1.17,552800
AXU,27-Apr-2016,1.2,1.21,0.99,1.12,2193700
AXU,28-Apr-2016,1.12,1.2,1.1,1.2,758100
AXU,29-Apr-2016,1.22,1.3,1.21,1.26,969300
AXU,02-May-2016,1.31,1.31,1.2,1.22,713400
AXU,03-May-2016,1.21,1.25,1.16,1.17,643000
AXU,04-May-2016,1.17,1.23,1.1,1.16,622000
AXU,05-May-2016,1.17,1.22,1.14,1.21,382200
AXU,06-May-2016,1.21,1.26,1.18,1.23,396200
AXU,09-May-2016,1.21,1.21,1.11,1.15,469600
AXU,10-May-2016,1.15,1.19,1.13,1.19,217900
AXU,11-May-2016,1.21,1.26,1.18,1.23,470000
AXU,12-May-2016,1.15,1.23,1.14,1.18,403900
AXU,13-May-2016,1.18,1.18,1.15,1.17,254800
AXU,16-May-2016,1.19,1.23,1.18,1.22,366100
AXU,17-May-2016,1.23,1.42,1.23,1.4,1097000
AXU,18-May-2016,1.38,1.42,1.22,1.24,1080700
AXU,19-May-2016,1.18,1.24,1.12,1.23,1254200
AXU,20-May-2016,1.26,1.28,1.2,1.22,506100
AXU,23-May-2016,1.2,1.25,1.18,1.25,262300
AXU,24-May-2016,1.24,1.24,1.1,1.1,945600
AXU,25-May-2016,1.09,1.17,1.02,1.09,937400
AXU,26-May-2016,1.13,1.17,1.12,1.13,288800
AXU,27-May-2016,1.12,1.14,1.08,1.09,262300
AXU,30-May-2016,1.09,1.09,1.09,1.09,0
AXU,31-May-2016,1.07,1.11,1.03,1.07,587200
AXU,01-Jun-2016,1.12,1.12,1.03,1.05,329800
AXU,02-Jun-2016,1.05,1.09,1.04,1.06,259100
AXU,03-Jun-2016,1.11,1.22,1.1,1.19,645200
AXU,06-Jun-2016,1.2,1.27,1.2,1.27,453500
AXU,07-Jun-2016,1.27,1.28,1.19,1.19,330900
AXU,08-Jun-2016,1.32,1.36,1.27,1.31,728500
AXU,09-Jun-2016,1.31,1.38,1.28,1.36,501900
AXU,10-Jun-2016,1.39,1.4,1.3,1.3,388500
AXU,13-Jun-2016,1.34,1.38,1.28,1.29,370700
AXU,14-Jun-2016,1.29,1.29,1.21,1.25,314700
AXU,15-Jun-2016,1.26,1.33,1.25,1.29,393200
AXU,16-Jun-2016,1.35,1.44,1.28,1.38,1194500
AXU,17-Jun-2016,1.41,1.41,1.21,1.21,697900
AXU,20-Jun-2016,1.25,1.34,1.24,1.32,442700
AXU,21-Jun-2016,1.3,1.35,1.25,1.26,496600
AXU,22-Jun-2016,1.26,1.27,1.23,1.25,222300
AXU,23-Jun-2016,1.25,1.3,1.24,1.27,226300
AXU,24-Jun-2016,1.35,1.41,1.32,1.35,563400
AXU,27-Jun-2016,1.37,1.42,1.31,1.35,430800
AXU,28-Jun-2016,1.32,1.39,1.32,1.39,344300
AXU,29-Jun-2016,1.43,1.59,1.42,1.55,1209800
AXU,30-Jun-2016,1.56,1.66,1.51,1.63,1212000
AXU,01-Jul-2016,1.73,1.88,1.69,1.88,1418100
AXU,04-Jul-2016,1.88,1.88,1.88,1.88,0
AXU,05-Jul-2016,1.9,1.98,1.83,1.94,1299000
AXU,06-Jul-2016,1.98,1.99,1.75,1.84,1816900
AXU,07-Jul-2016,1.86,1.86,1.67,1.73,950700
AXU,08-Jul-2016,1.77,1.87,1.7,1.83,727000
AXU,11-Jul-2016,1.83,1.98,1.83,1.94,1092100
AXU,12-Jul-2016,1.97,1.97,1.83,1.87,923800
AXU,13-Jul-2016,1.93,2.05,1.88,2.04,779400
AXU,14-Jul-2016,1.97,2.07,1.91,2,751300
AXU,15-Jul-2016,1.99,2.02,1.88,1.92,577500
AXU,18-Jul-2016,1.92,1.92,1.86,1.9,392000
AXU,19-Jul-2016,1.88,1.88,1.68,1.75,877900
AXU,20-Jul-2016,1.65,1.69,1.56,1.63,1123500
AXU,21-Jul-2016,1.63,1.77,1.6,1.7,655400
AXU,22-Jul-2016,1.67,1.72,1.61,1.63,524600
AXU,25-Jul-2016,1.59,1.65,1.52,1.6,614500
AXU,26-Jul-2016,1.63,1.73,1.62,1.68,510800
AXU,27-Jul-2016,1.76,1.82,1.7,1.82,758200
AXU,28-Jul-2016,1.9,1.96,1.81,1.83,1152100
AXU,29-Jul-2016,1.91,1.93,1.85,1.91,559800
AXU,01-Aug-2016,1.91,1.97,1.86,1.96,583800
AXU,02-Aug-2016,2,2.2,1.99,2.13,1314800
AXU,03-Aug-2016,2.14,2.15,2.01,2.04,686900
AXU,04-Aug-2016,2.08,2.15,2.07,2.14,622200
AXU,05-Aug-2016,2.01,2.14,1.92,2.14,842000
AXU,08-Aug-2016,2.14,2.3,2.06,2.3,901100
AXU,09-Aug-2016,2.3,2.45,2.25,2.26,935400
AXU,10-Aug-2016,2.37,2.44,2.31,2.35,673100
AXU,11-Aug-2016,2.37,2.54,2.26,2.28,1307200
AXU,12-Aug-2016,2.37,2.43,2.19,2.22,809900
AXU,15-Aug-2016,2.24,2.38,2.22,2.38,797800
AXU,16-Aug-2016,2.46,2.46,2.27,2.3,801100
AXU,17-Aug-2016,2.26,2.36,2.05,2.17,1229100
AXU,18-Aug-2016,2.21,2.21,2.12,2.15,672400
AXU,19-Aug-2016,2.06,2.06,1.88,1.94,1653000
AXU,22-Aug-2016,1.91,2,1.83,1.97,1051300
AXU,23-Aug-2016,1.99,2.02,1.9,1.95,451300
AXU,24-Aug-2016,1.9,1.92,1.75,1.77,1248400
AXU,25-Aug-2016,1.74,1.91,1.74,1.85,722900
AXU,26-Aug-2016,1.93,2.04,1.82,1.87,1408000
AXU,29-Aug-2016,1.87,1.94,1.8,1.91,484300
AXU,30-Aug-2016,1.91,1.92,1.72,1.78,565500
AXU,31-Aug-2016,1.75,1.79,1.62,1.68,991200
AXU,01-Sep-2016,1.67,1.85,1.65,1.84,604300
AXU,02-Sep-2016,1.9,2.05,1.84,1.96,861000
AXU,05-Sep-2016,1.96,1.96,1.96,1.96,0
AXU,06-Sep-2016,2.02,2.19,1.99,2.14,1457800
AXU,07-Sep-2016,2.15,2.18,2.05,2.18,577600
AXU,08-Sep-2016,2.19,2.19,2.07,2.12,507700
AXU,09-Sep-2016,2.11,2.11,1.93,1.96,825500
AXU,12-Sep-2016,1.9,2.12,1.8,2.02,849500
AXU,13-Sep-2016,2.04,2.04,1.81,1.93,965100
AXU,14-Sep-2016,1.94,1.99,1.91,1.96,391600
AXU,15-Sep-2016,1.97,1.99,1.87,1.9,314300
AXU,16-Sep-2016,1.85,1.96,1.84,1.94,413900
AXU,19-Sep-2016,2.02,2.02,1.81,1.83,635100
AXU,20-Sep-2016,1.83,1.83,1.76,1.78,482100
AXU,21-Sep-2016,1.82,1.95,1.77,1.95,797500
AXU,22-Sep-2016,2.01,2.06,1.8,1.85,1090000
AXU,23-Sep-2016,1.85,2.02,1.75,1.77,618300
AXU,26-Sep-2016,1.76,1.81,1.64,1.68,857900
AXU,27-Sep-2016,1.65,1.75,1.65,1.74,383400
AXU,28-Sep-2016,1.76,1.81,1.71,1.79,493300
AXU,29-Sep-2016,1.78,1.8,1.74,1.77,205700
AXU,30-Sep-2016,1.8,1.81,1.73,1.78,218000
AXU,03-Oct-2016,1.79,1.79,1.7,1.77,218500
AXU,04-Oct-2016,1.73,1.73,1.54,1.64,1082700
AXU,05-Oct-2016,1.59,1.67,1.5,1.58,674300
AXU,06-Oct-2016,1.5,1.54,1.45,1.5,674400
AXU,07-Oct-2016,1.54,1.62,1.5,1.57,471000
AXU,10-Oct-2016,1.63,1.65,1.59,1.61,192700
AXU,11-Oct-2016,1.6,1.61,1.5,1.52,204100
AXU,12-Oct-2016,1.52,1.58,1.5,1.58,135700
AXU,13-Oct-2016,1.58,1.61,1.53,1.61,222200
AXU,14-Oct-2016,1.6,1.62,1.55,1.57,184000
AXU,17-Oct-2016,1.57,1.6,1.52,1.56,202700
AXU,18-Oct-2016,1.6,1.76,1.57,1.75,571500
AXU,19-Oct-2016,1.79,1.9,1.78,1.86,563200
AXU,20-Oct-2016,1.86,1.9,1.8,1.83,430900
AXU,21-Oct-2016,1.84,1.85,1.78,1.82,181100
AXU,24-Oct-2016,1.82,1.87,1.68,1.7,418800
AXU,25-Oct-2016,1.72,1.8,1.69,1.72,564700
AXU,26-Oct-2016,1.71,1.79,1.69,1.79,290500
AXU,27-Oct-2016,1.79,1.85,1.74,1.75,213100
AXU,28-Oct-2016,1.75,1.85,1.75,1.83,314800
AXU,31-Oct-2016,1.84,1.84,1.73,1.76,222400
AXU,01-Nov-2016,1.82,1.85,1.79,1.81,245300
AXU,02-Nov-2016,1.89,1.96,1.85,1.87,526300
AXU,03-Nov-2016,1.9,1.97,1.86,1.93,500500
AXU,04-Nov-2016,1.96,1.96,1.81,1.86,235400
AXU,07-Nov-2016,1.83,1.84,1.69,1.77,460800
AXU,08-Nov-2016,1.8,1.87,1.7,1.77,400200
AXU,09-Nov-2016,1.87,1.91,1.77,1.83,512500
AXU,10-Nov-2016,1.72,1.8,1.55,1.62,1150500
AXU,11-Nov-2016,1.71,1.79,1.51,1.52,2036100
AXU,14-Nov-2016,1.5,1.56,1.27,1.52,1817700
AXU,15-Nov-2016,1.52,1.65,1.51,1.65,390400
AXU,16-Nov-2016,1.68,1.68,1.6,1.65,429800
AXU,17-Nov-2016,1.66,1.66,1.48,1.51,854000
AXU,18-Nov-2016,1.51,1.55,1.44,1.53,834100
AXU,21-Nov-2016,1.53,1.59,1.46,1.51,419300
AXU,22-Nov-2016,1.52,1.52,1.43,1.46,496300
AXU,23-Nov-2016,1.37,1.4,1.28,1.36,861400
AXU,24-Nov-2016,1.36,1.36,1.36,1.36,0
AXU,25-Nov-2016,1.32,1.36,1.3,1.31,286400
AXU,28-Nov-2016,1.36,1.39,1.32,1.39,437000
AXU,29-Nov-2016,1.37,1.38,1.31,1.34,289400
AXU,30-Nov-2016,1.37,1.38,1.28,1.3,661900
AXU,01-Dec-2016,1.3,1.32,1.21,1.3,641800
AXU,02-Dec-2016,1.29,1.39,1.28,1.39,464900
AXU,05-Dec-2016,1.4,1.44,1.34,1.42,505800
AXU,06-Dec-2016,1.42,1.44,1.36,1.4,221900
AXU,07-Dec-2016,1.41,1.45,1.38,1.4,485300
AXU,08-Dec-2016,1.42,1.5,1.42,1.47,420700
AXU,09-Dec-2016,1.47,1.47,1.37,1.38,379400
AXU,12-Dec-2016,1.41,1.46,1.38,1.43,272700
AXU,13-Dec-2016,1.44,1.44,1.4,1.43,175500
AXU,14-Dec-2016,1.44,1.46,1.36,1.37,303300
AXU,15-Dec-2016,1.29,1.31,1.22,1.25,844300
AXU,16-Dec-2016,1.24,1.33,1.23,1.33,476700
AXU,19-Dec-2016,1.3,1.31,1.18,1.19,680200
AXU,20-Dec-2016,1.16,1.25,1.1,1.22,747700
AXU,21-Dec-2016,1.22,1.27,1.19,1.25,327900
AXU,22-Dec-2016,1.25,1.27,1.23,1.24,276500
AXU,23-Dec-2016,1.25,1.26,1.21,1.22,193300
AXU,26-Dec-2016,1.22,1.22,1.22,1.22,0
AXU,27-Dec-2016,1.22,1.29,1.21,1.26,313600
AXU,28-Dec-2016,1.23,1.4,1.22,1.4,766600
AXU,29-Dec-2016,1.43,1.5,1.41,1.44,683500
AXU,30-Dec-2016,1.47,1.55,1.33,1.35,752400
AXU,01-Jan-2018,1.59,1.59,1.59,1.59,0
AXU,02-Jan-2018,1.65,1.72,1.55,1.67,586700
AXU,03-Jan-2018,1.68,1.69,1.56,1.63,446300
AXU,04-Jan-2018,1.61,1.64,1.56,1.56,292500
AXU,05-Jan-2018,1.61,1.61,1.54,1.56,298600
AXU,08-Jan-2018,1.57,1.58,1.47,1.52,482400
AXU,09-Jan-2018,1.52,1.53,1.43,1.43,600400
AXU,10-Jan-2018,1.46,1.5,1.43,1.43,241700
AXU,11-Jan-2018,1.49,1.49,1.44,1.49,439300
AXU,12-Jan-2018,1.53,1.62,1.51,1.61,369400
AXU,15-Jan-2018,1.61,1.61,1.61,1.61,0
AXU,16-Jan-2018,1.69,1.73,1.638,1.675,598000
AXU,17-Jan-2018,1.65,1.73,1.63,1.65,394400
AXU,18-Jan-2018,1.68,1.68,1.6,1.6,280900
AXU,19-Jan-2018,1.61,1.66,1.6,1.65,124200
AXU,22-Jan-2018,1.65,1.66,1.6,1.6,180600
AXU,23-Jan-2018,1.6,1.67,1.56,1.66,267300
AXU,24-Jan-2018,1.79,1.79,1.7,1.73,493200
AXU,25-Jan-2018,1.75,1.75,1.56,1.65,639900
AXU,26-Jan-2018,1.65,1.68,1.61,1.61,226300
AXU,29-Jan-2018,1.59,1.59,1.53,1.56,269400
AXU,30-Jan-2018,1.56,1.56,1.51,1.52,197000
AXU,31-Jan-2018,1.53,1.55,1.5,1.53,176200
AXU,01-Feb-2018,1.51,1.53,1.48,1.5,199500
AXU,02-Feb-2018,1.49,1.5,1.31,1.35,561000
AXU,05-Feb-2018,1.34,1.43,1.32,1.41,393000
AXU,06-Feb-2018,1.38,1.41,1.36,1.38,212900
AXU,07-Feb-2018,1.38,1.4,1.35,1.36,155900
AXU,08-Feb-2018,1.36,1.38,1.31,1.31,322700
AXU,09-Feb-2018,1.3,1.31,1.26,1.29,353500
AXU,12-Feb-2018,1.28,1.36,1.28,1.32,285700
AXU,13-Feb-2018,1.33,1.35,1.24,1.29,393800
AXU,14-Feb-2018,1.29,1.47,1.29,1.435,400600
AXU,15-Feb-2018,1.47,1.5,1.41,1.41,337200
AXU,16-Feb-2018,1.37,1.48,1.36,1.38,362200
AXU,19-Feb-2018,1.38,1.38,1.38,1.38,0
AXU,20-Feb-2018,1.4,1.4,1.27,1.31,366400
AXU,21-Feb-2018,1.3,1.38,1.3,1.33,224700
AXU,22-Feb-2018,1.36,1.37,1.33,1.345,142000
AXU,23-Feb-2018,1.33,1.37,1.31,1.31,244700
AXU,26-Feb-2018,1.33,1.4,1.33,1.39,294700
AXU,27-Feb-2018,1.38,1.38,1.32,1.37,198000
AXU,28-Feb-2018,1.35,1.36,1.3,1.3,220700
AXU,01-Mar-2018,1.29,1.32,1.27,1.31,308400
AXU,02-Mar-2018,1.32,1.35,1.29,1.32,340000
AXU,05-Mar-2018,1.31,1.35,1.3,1.33,275100
AXU,06-Mar-2018,1.34,1.47,1.34,1.43,527400
AXU,07-Mar-2018,1.43,1.44,1.38,1.4,191900
AXU,08-Mar-2018,1.4,1.45,1.38,1.42,145600
AXU,09-Mar-2018,1.42,1.46,1.41,1.43,183400
AXU,12-Mar-2018,1.4,1.44,1.4,1.41,211900
AXU,13-Mar-2018,1.4,1.44,1.4,1.415,121600
AXU,14-Mar-2018,1.4,1.42,1.35,1.36,145500
AXU,15-Mar-2018,1.4,1.42,1.32,1.42,277600
AXU,16-Mar-2018,1.41,1.41,1.35,1.35,228900
AXU,19-Mar-2018,1.35,1.37,1.33,1.36,152800
AXU,20-Mar-2018,1.36,1.36,1.32,1.35,327100
AXU,21-Mar-2018,1.38,1.43,1.37,1.43,373700
AXU,22-Mar-2018,1.41,1.41,1.37,1.4,186900
AXU,23-Mar-2018,1.43,1.48,1.4,1.42,382500
AXU,26-Mar-2018,1.47,1.47,1.41,1.43,295100
AXU,27-Mar-2018,1.41,1.41,1.36,1.4,166500
AXU,28-Mar-2018,1.36,1.4,1.31,1.31,475300
AXU,29-Mar-2018,1.31,1.35,1.31,1.35,146100
AXU,30-Mar-2018,1.35,1.35,1.35,1.35,0
AXU,02-Apr-2018,1.35,1.43,1.35,1.37,218300
AXU,03-Apr-2018,1.38,1.4,1.36,1.4,95100
AXU,04-Apr-2018,1.4,1.4,1.32,1.32,360000
AXU,05-Apr-2018,1.32,1.4,1.32,1.39,195700
AXU,06-Apr-2018,1.41,1.45,1.38,1.4,128600
AXU,09-Apr-2018,1.41,1.42,1.37,1.41,169000
AXU,10-Apr-2018,1.44,1.45,1.41,1.425,276500
AXU,11-Apr-2018,1.45,1.54,1.42,1.48,457100
AXU,12-Apr-2018,1.48,1.52,1.46,1.47,182800
AXU,13-Apr-2018,1.48,1.55,1.47,1.52,282100
AXU,16-Apr-2018,1.54,1.59,1.51,1.53,275000
AXU,17-Apr-2018,1.51,1.61,1.51,1.55,572800
AXU,18-Apr-2018,1.58,1.66,1.58,1.62,633600
AXU,19-Apr-2018,1.65,1.7,1.61,1.65,305800
AXU,20-Apr-2018,1.63,1.68,1.57,1.61,238300
AXU,23-Apr-2018,1.58,1.62,1.47,1.51,626700
AXU,24-Apr-2018,1.55,1.55,1.46,1.53,295300
AXU,25-Apr-2018,1.5,1.53,1.49,1.51,146800
AXU,26-Apr-2018,1.52,1.55,1.5,1.54,98400
AXU,27-Apr-2018,1.56,1.56,1.52,1.53,89900
AXU,30-Apr-2018,1.51,1.51,1.43,1.46,245700
AXU,01-May-2018,1.46,1.515,1.43,1.49,218300
AXU,02-May-2018,1.51,1.52,1.48,1.5,149200
AXU,03-May-2018,1.52,1.59,1.49,1.49,426200
AXU,04-May-2018,1.49,1.53,1.49,1.53,232900
AXU,07-May-2018,1.54,1.54,1.5,1.53,103400
AXU,08-May-2018,1.51,1.53,1.46,1.5,194300
AXU,09-May-2018,1.5,1.52,1.45,1.46,125200
AXU,10-May-2018,1.49,1.52,1.475,1.52,292700
AXU,11-May-2018,1.53,1.53,1.465,1.48,224100
AXU,14-May-2018,1.46,1.51,1.41,1.41,182900
AXU,15-May-2018,1.4,1.4,1.35,1.38,240300
AXU,16-May-2018,1.37,1.4,1.37,1.39,89800
AXU,17-May-2018,1.38,1.4,1.36,1.37,232900
AXU,18-May-2018,1.36,1.41,1.36,1.41,120400
AXU,21-May-2018,1.4,1.44,1.38,1.4,96700
AXU,22-May-2018,1.44,1.44,1.37,1.41,129200
AXU,23-May-2018,1.37,1.4,1.37,1.39,161300
AXU,24-May-2018,1.39,1.44,1.38,1.4,158100
AXU,25-May-2018,1.4,1.4,1.36,1.37,191500
AXU,28-May-2018,1.37,1.37,1.37,1.37,0
AXU,29-May-2018,1.35,1.38,1.31,1.33,300300
AXU,30-May-2018,1.33,1.38,1.33,1.35,352600
AXU,31-May-2018,1.35,1.36,1.32,1.34,439600
AXU,01-Jun-2018,1.33,1.39,1.32,1.39,131400
AXU,04-Jun-2018,1.39,1.42,1.315,1.32,470200
AXU,05-Jun-2018,1.33,1.38,1.33,1.38,355700
AXU,06-Jun-2018,1.36,1.38,1.35,1.35,225700
AXU,07-Jun-2018,1.37,1.38,1.32,1.35,614900
AXU,08-Jun-2018,1.321,1.365,1.321,1.34,133800
AXU,11-Jun-2018,1.35,1.4,1.35,1.39,262400
AXU,12-Jun-2018,1.39,1.39,1.34,1.35,211000
AXU,13-Jun-2018,1.37,1.38,1.33,1.38,229900
AXU,14-Jun-2018,1.38,1.39,1.35,1.36,252600
AXU,15-Jun-2018,1.36,1.37,1.32,1.32,282900
AXU,18-Jun-2018,1.34,1.36,1.31,1.32,347500
AXU,19-Jun-2018,1.32,1.33,1.28,1.31,591100
AXU,20-Jun-2018,1.3,1.3,1.26,1.26,299600
AXU,21-Jun-2018,1.27,1.33,1.27,1.33,158500
AXU,22-Jun-2018,1.34,1.34,1.32,1.33,185200
AXU,25-Jun-2018,1.33,1.33,1.28,1.3,254800
AXU,26-Jun-2018,1.29,1.3,1.25,1.3,248800
AXU,27-Jun-2018,1.29,1.3,1.25,1.28,358100
AXU,28-Jun-2018,1.28,1.3,1.28,1.29,114600
AXU,29-Jun-2018,1.28,1.37,1.28,1.335,445700
AXU,02-Jul-2018,1.37,1.38,1.34,1.38,139300
AXU,03-Jul-2018,1.39,1.4,1.35,1.38,97500
AXU,04-Jul-2018,1.38,1.38,1.38,1.38,0
AXU,05-Jul-2018,1.4,1.47,1.39,1.455,480900
AXU,06-Jul-2018,1.44,1.47,1.4,1.46,240500
AXU,09-Jul-2018,1.46,1.48,1.4,1.4,243900
AXU,10-Jul-2018,1.41,1.46,1.38,1.41,189200
AXU,11-Jul-2018,1.4,1.4,1.34,1.36,229900
AXU,12-Jul-2018,1.38,1.38,1.305,1.35,294900
AXU,13-Jul-2018,1.32,1.35,1.31,1.32,144200
AXU,16-Jul-2018,1.32,1.35,1.28,1.3,346000
AXU,17-Jul-2018,1.3,1.3,1.27,1.3,214800
AXU,18-Jul-2018,1.28,1.29,1.26,1.275,171200
AXU,19-Jul-2018,1.25,1.27,1.24,1.25,398500
AXU,20-Jul-2018,1.25,1.28,1.24,1.24,236700
AXU,23-Jul-2018,1.25,1.265,1.23,1.25,243700
AXU,24-Jul-2018,1.26,1.26,1.21,1.21,452300
AXU,25-Jul-2018,1.22,1.23,1.2,1.21,192500
AXU,26-Jul-2018,1.2,1.21,1.16,1.19,314800
AXU,27-Jul-2018,1.18,1.2,1.18,1.2,125300
AXU,30-Jul-2018,1.2,1.22,1.18,1.2,111200
AXU,31-Jul-2018,1.19,1.22,1.18,1.19,75500
AXU,01-Aug-2018,1.19,1.22,1.18,1.2,84700
AXU,02-Aug-2018,1.19,1.2,1.18,1.19,93100
AXU,03-Aug-2018,1.21,1.25,1.2,1.24,266700
AXU,06-Aug-2018,1.24,1.24,1.19,1.2,106600
AXU,07-Aug-2018,1.2,1.22,1.17,1.17,176500
AXU,08-Aug-2018,1.16,1.19,1.14,1.18,219900
AXU,09-Aug-2018,1.18,1.23,1.18,1.21,238600
AXU,10-Aug-2018,1.2,1.22,1.17,1.17,168500
AXU,13-Aug-2018,1.17,1.17,1.06,1.09,469700
AXU,14-Aug-2018,1.07,1.14,1.07,1.09,208000
AXU,15-Aug-2018,1.06,1.09,1.03,1.05,272800
AXU,16-Aug-2018,1.04,1.1,1,1.03,295600
AXU,17-Aug-2018,1.04,1.1,1.03,1.08,173600
AXU,20-Aug-2018,1.06,1.165,1.05,1.1,353200
AXU,21-Aug-2018,1.1,1.15,1.09,1.12,201600
AXU,22-Aug-2018,1.13,1.15,1.11,1.12,149400
AXU,23-Aug-2018,1.11,1.14,1.08,1.11,141500
AXU,24-Aug-2018,1.12,1.18,1.1,1.15,259100
AXU,27-Aug-2018,1.15,1.16,1.14,1.15,124200
AXU,28-Aug-2018,1.18,1.18,1.11,1.16,252500
AXU,29-Aug-2018,1.17,1.17,1.13,1.15,79600
AXU,30-Aug-2018,1.12,1.15,1.11,1.12,102200
AXU,31-Aug-2018,1.12,1.13,1.09,1.095,113500
AXU,03-Sep-2018,1.095,1.095,1.095,1.095,0
AXU,04-Sep-2018,1.07,1.09,1,1.08,318700
AXU,05-Sep-2018,1.08,1.1,1.04,1.055,177000
AXU,06-Sep-2018,1.05,1.06,1.01,1.02,195000
AXU,07-Sep-2018,1.02,1.06,1,1.05,125100
AXU,10-Sep-2018,1.07,1.09,1.06,1.09,139500
AXU,11-Sep-2018,1.09,1.09,1.05,1.07,82700
AXU,12-Sep-2018,1.07,1.09,1.045,1.08,282900
AXU,13-Sep-2018,1.11,1.11,1.07,1.1,72400
AXU,14-Sep-2018,1.09,1.09,1.05,1.06,60400
AXU,17-Sep-2018,1.05,1.06,1.02,1.04,277000
AXU,18-Sep-2018,1.04,1.05,1.01,1.04,280100
AXU,19-Sep-2018,1.03,1.08,1.03,1.07,142100
AXU,20-Sep-2018,1.09,1.15,1.09,1.15,195700
AXU,21-Sep-2018,1.11,1.15,1.05,1.13,183200
AXU,24-Sep-2018,1.11,1.13,1.08,1.08,121300
AXU,25-Sep-2018,1.1,1.1,1.06,1.085,118300
AXU,26-Sep-2018,1.06,1.09,1.06,1.06,120000
AXU,27-Sep-2018,1.04,1.07,1.03,1.06,198500
AXU,28-Sep-2018,1.04,1.08,1.03,1.03,193200
AXU,01-Oct-2018,1.04,1.08,1.02,1.04,172900
AXU,02-Oct-2018,1.05,1.08,1.035,1.045,254000
AXU,03-Oct-2018,1.05,1.06,1.04,1.05,60200
AXU,04-Oct-2018,1.05,1.06,1.03,1.04,134000
AXU,05-Oct-2018,1.04,1.05,1.02,1.04,87300
AXU,08-Oct-2018,1.03,1.05,1.01,1.05,252100
AXU,09-Oct-2018,1.05,1.06,1.03,1.04,70600
AXU,10-Oct-2018,1.02,1.06,1.02,1.03,65100
AXU,11-Oct-2018,1.05,1.12,1.04,1.09,374500
AXU,12-Oct-2018,1.1,1.12,1.06,1.07,145100
AXU,15-Oct-2018,1.1,1.15,1.1,1.11,188800
AXU,16-Oct-2018,1.13,1.13,1.09,1.1,82300
AXU,17-Oct-2018,1.11,1.11,1.06,1.07,103400
AXU,18-Oct-2018,1.06,1.09,1.06,1.07,53800
AXU,19-Oct-2018,1.07,1.08,1.05,1.07,96800
AXU,22-Oct-2018,1.07,1.08,1.02,1.05,247500
AXU,23-Oct-2018,1.08,1.08,1.02,1.02,335200
AXU,24-Oct-2018,1.03,1.08,1,1.03,281400
AXU,25-Oct-2018,1,1.02,0.93,0.94,470800
AXU,26-Oct-2018,0.94,0.95,0.9,0.92,239900
AXU,29-Oct-2018,0.9,0.94,0.9,0.92,242700
AXU,30-Oct-2018,0.93,0.94,0.9,0.93,306400
AXU,31-Oct-2018,0.9,0.92,0.9,0.9,224400
AXU,01-Nov-2018,0.93,1.009,0.92,0.965,317100
AXU,02-Nov-2018,1,1.02,0.945,0.95,110300
AXU,05-Nov-2018,0.94,0.98,0.92,0.95,228800
AXU,06-Nov-2018,0.95,0.95,0.93,0.94,61800
AXU,07-Nov-2018,0.915,0.96,0.877,0.877,160200
AXU,08-Nov-2018,0.87,0.9,0.86,0.88,170300
AXU,09-Nov-2018,0.86,0.87,0.825,0.85,101500
AXU,12-Nov-2018,0.825,0.84,0.723,0.746,484200
AXU,13-Nov-2018,0.74,0.74,0.675,0.675,387300
AXU,14-Nov-2018,0.69,0.88,0.69,0.8,539100
AXU,15-Nov-2018,0.8,0.86,0.79,0.82,121300
AXU,16-Nov-2018,0.85,0.86,0.79,0.8,173800
AXU,19-Nov-2018,0.79,0.81,0.77,0.78,73000
AXU,20-Nov-2018,0.76,0.79,0.74,0.74,146500
AXU,21-Nov-2018,0.75,0.8,0.75,0.78,229400
AXU,22-Nov-2018,0.78,0.78,0.78,0.78,0
AXU,23-Nov-2018,0.76,0.79,0.76,0.76,56200
AXU,26-Nov-2018,0.755,0.805,0.75,0.767,159300
AXU,27-Nov-2018,0.77,0.78,0.74,0.76,102200
AXU,28-Nov-2018,0.78,0.78,0.74,0.76,166400
AXU,29-Nov-2018,0.76,0.76,0.74,0.76,83400
AXU,30-Nov-2018,0.77,0.78,0.76,0.78,93400
AXU,03-Dec-2018,0.78,0.79,0.76,0.77,191600
AXU,04-Dec-2018,0.76,0.8,0.76,0.785,133900
AXU,05-Dec-2018,0.785,0.785,0.785,0.785,0
AXU,06-Dec-2018,0.782,0.794,0.77,0.775,168500
AXU,07-Dec-2018,0.77,0.78,0.76,0.77,131200
AXU,10-Dec-2018,0.77,0.78,0.75,0.78,96600
AXU,11-Dec-2018,0.8,0.8,0.78,0.78,134100
AXU,12-Dec-2018,0.795,0.827,0.795,0.824,155400
AXU,13-Dec-2018,0.83,0.83,0.78,0.8,88200
AXU,14-Dec-2018,0.81,0.815,0.78,0.79,217700
AXU,17-Dec-2018,0.83,0.83,0.79,0.83,210100
AXU,18-Dec-2018,0.85,0.895,0.831,0.895,235100
AXU,19-Dec-2018,0.892,0.959,0.865,0.954,503400
AXU,20-Dec-2018,0.96,0.96,0.9,0.92,230600
AXU,21-Dec-2018,0.91,0.91,0.82,0.82,169200
AXU,24-Dec-2018,0.88,0.89,0.85,0.89,175000
AXU,25-Dec-2018,0.89,0.89,0.89,0.89,0
AXU,26-Dec-2018,0.9,0.97,0.885,0.885,301100
AXU,27-Dec-2018,0.89,0.935,0.88,0.9,173900
AXU,28-Dec-2018,0.9,0.94,0.9,0.93,128300
AXU,31-Dec-2018,0.93,0.95,0.9,0.94,156700
AXU,01-Jan-2019,0.94,0.94,0.94,0.94,0
AXU,02-Jan-2019,0.94,0.96,0.93,0.96,196000
AXU,03-Jan-2019,0.96,1.02,0.95,1,155100
AXU,04-Jan-2019,1,1.04,0.94,1.01,242800
AXU,07-Jan-2019,1.02,1.06,0.955,0.99,215700
AXU,08-Jan-2019,0.97,1.04,0.97,1.04,132600
AXU,09-Jan-2019,1.05,1.07,1.04,1.06,199400
AXU,10-Jan-2019,1.03,1.06,1.03,1.03,138900
AXU,11-Jan-2019,1.06,1.06,1.02,1.05,110200
AXU,14-Jan-2019,1.03,1.04,1,1.02,213500
AXU,15-Jan-2019,1.02,1.02,1,1,229600
AXU,16-Jan-2019,1.01,1.01,0.97,0.98,174200
AXU,17-Jan-2019,0.98,0.98,0.96,0.97,226800
AXU,18-Jan-2019,0.97,0.97,0.93,0.94,374000
AXU,21-Jan-2019,0.94,0.94,0.94,0.94,0
AXU,22-Jan-2019,0.93,0.96,0.927,0.945,139100
AXU,23-Jan-2019,0.935,0.939,0.92,0.93,80100
AXU,24-Jan-2019,0.92,0.93,0.86,0.9,292800
AXU,25-Jan-2019,0.94,0.95,0.91,0.95,246300
AXU,28-Jan-2019,0.95,0.99,0.95,0.98,165600
AXU,29-Jan-2019,1.02,1.04,0.98,1.01,587400
AXU,30-Jan-2019,1.03,1.07,0.99,1.07,515000
AXU,31-Jan-2019,1.1,1.15,1.08,1.13,674100
AXU,01-Feb-2019,1.15,1.19,1.11,1.15,469800
AXU,04-Feb-2019,1.16,1.19,1.15,1.17,353900
AXU,05-Feb-2019,1.21,1.22,1.16,1.22,418100
AXU,06-Feb-2019,1.24,1.26,1.18,1.2,399300
AXU,07-Feb-2019,1.18,1.21,1.18,1.19,251600
AXU,08-Feb-2019,1.22,1.25,1.17,1.25,404000
AXU,11-Feb-2019,1.23,1.27,1.21,1.23,281900
AXU,12-Feb-2019,1.26,1.29,1.21,1.25,262800
AXU,13-Feb-2019,1.27,1.27,1.17,1.21,338100
AXU,14-Feb-2019,1.21,1.26,1.2,1.24,219100
AXU,15-Feb-2019,1.25,1.33,1.25,1.32,486400
AXU,18-Feb-2019,1.32,1.32,1.32,1.32,0
AXU,19-Feb-2019,1.38,1.42,1.34,1.38,963800
AXU,20-Feb-2019,1.41,1.41,1.35,1.39,927800
AXU,21-Feb-2019,1.42,1.42,1.3,1.36,479900
AXU,22-Feb-2019,1.35,1.36,1.3,1.31,297000
AXU,25-Feb-2019,1.32,1.38,1.32,1.34,363100
AXU,26-Feb-2019,1.32,1.34,1.29,1.33,362900
AXU,27-Feb-2019,1.34,1.35,1.31,1.33,186500
AXU,28-Feb-2019,1.34,1.34,1.29,1.32,257300
AXU,01-Mar-2019,1.31,1.34,1.22,1.27,584000
AXU,04-Mar-2019,1.23,1.24,1.15,1.22,560400
AXU,05-Mar-2019,1.2,1.24,1.19,1.19,303800
AXU,06-Mar-2019,1.19,1.22,1.18,1.22,146200
AXU,07-Mar-2019,1.2,1.23,1.19,1.21,169300
AXU,08-Mar-2019,1.25,1.34,1.25,1.34,377700
AXU,11-Mar-2019,1.34,1.35,1.28,1.35,312000
AXU,12-Mar-2019,1.37,1.37,1.32,1.36,288900
AXU,13-Mar-2019,1.4,1.41,1.3467,1.41,395600
AXU,14-Mar-2019,1.3,1.33,1.23,1.24,517800
AXU,15-Mar-2019,1.27,1.35,1.2607,1.34,337600
AXU,18-Mar-2019,1.35,1.35,1.25,1.27,205400
AXU,19-Mar-2019,1.26,1.31,1.26,1.28,222200
AXU,20-Mar-2019,1.27,1.36,1.25,1.34,173400
AXU,21-Mar-2019,1.33,1.37,1.29,1.31,248500
AXU,22-Mar-2019,1.3,1.35,1.29,1.31,141200
AXU,25-Mar-2019,1.35,1.36,1.31,1.36,332800
AXU,26-Mar-2019,1.36,1.36,1.32,1.35,210900
AXU,27-Mar-2019,1.35,1.35,1.29,1.32,233100
AXU,28-Mar-2019,1.27,1.3,1.25,1.25,294200
AXU,29-Mar-2019,1.21,1.25,1.1502,1.21,518700
AXU,01-Apr-2019,1.22,1.22,1.08,1.1,775900
AXU,02-Apr-2019,1.1,1.1,1.06,1.091,325300
AXU,03-Apr-2019,1.1,1.1,1.0664,1.08,332500
AXU,04-Apr-2019,1.08,1.08,1.03,1.08,470000
AXU,05-Apr-2019,1.09,1.09,1.06,1.09,107700
AXU,08-Apr-2019,1.09,1.12,1.07,1.1,460900
AXU,09-Apr-2019,1.13,1.13,1.07,1.1,293500
AXU,10-Apr-2019,1.1,1.105,1.08,1.1,239900
AXU,11-Apr-2019,1.09,1.1,1.02,1.05,418300
AXU,12-Apr-2019,1.05,1.06,1,1.02,216300
AXU,15-Apr-2019,1.02,1.0266,1,1,292200
AXU,16-Apr-2019,1.01,1.01,0.98,0.995,429700
AXU,17-Apr-2019,0.99,1.01,0.98,0.9999,317200
AXU,18-Apr-2019,1.02,1.02,0.95,0.97,534900
AXU,19-Apr-2019,0.97,0.97,0.97,0.97,0
AXU,22-Apr-2019,0.98,1,0.98,0.9946,202600
AXU,23-Apr-2019,0.9826,0.9999,0.9301,0.955,355300
AXU,24-Apr-2019,0.955,0.977,0.945,0.9605,316600
AXU,25-Apr-2019,0.99,1,0.9744,1,200700
AXU,26-Apr-2019,0.99,1.09,0.98,1.06,395100
AXU,29-Apr-2019,1.07,1.08,1.01,1.05,254000
AXU,30-Apr-2019,1.06,1.07,1.03,1.07,908900
AXU,01-May-2019,1.07,1.07,0.99,1.01,232800
AXU,02-May-2019,0.99,1.03,0.99,1.01,362200
AXU,03-May-2019,1.02,1.07,1.02,1.05,180400
AXU,06-May-2019,1.04,1.07,1.03,1.058,61600
AXU,07-May-2019,1.07,1.07,1.03,1.04,96000
AXU,08-May-2019,1.04,1.06,1,1.01,148800
AXU,09-May-2019,1.02,1.04,1,1.02,105000
AXU,10-May-2019,1.03,1.06,1.03,1.06,136800
AXU,13-May-2019,1.06,1.09,1.0418,1.09,295100
AXU,14-May-2019,1.1,1.1,1.02,1.06,138500
AXU,15-May-2019,1.05,1.09,1.04,1.08,205400
AXU,16-May-2019,1.07,1.0727,1.02,1.02,289900
AXU,17-May-2019,1.03,1.07,1,1.06,568000
AXU,20-May-2019,1.06,1.06,1.02,1.04,84900
AXU,21-May-2019,1.03,1.05,1.01,1.04,124600
AXU,22-May-2019,1.05,1.06,1.02,1.02,144400
AXU,23-May-2019,1.04,1.06,1,1.04,239300
AXU,24-May-2019,1.04,1.04,1,1.01,71300
AXU,22-Jul-2019,1.6,1.72,1.59,1.71,1526900
AXU,23-Jul-2019,1.73,1.87,1.62,1.71,1982500
AXU,24-Jul-2019,1.75,1.8,1.75,1.8,867500
AXU,25-Jul-2019,1.8,1.8,1.64,1.72,1135000
AXU,26-Jul-2019,1.7,1.76,1.66,1.68,846900
AXU,29-Jul-2019,1.71,1.77,1.6893,1.77,583900
AXU,30-Jul-2019,1.77,1.81,1.74,1.74,435100
AXU,31-Jul-2019,1.75,1.76,1.68,1.7,767300
AXU,01-Aug-2019,1.6,1.72,1.57,1.66,1660100
AXU,02-Aug-2019,1.65,1.71,1.61,1.65,587500
AXU,05-Aug-2019,1.7,1.77,1.7,1.72,766400
AXU,06-Aug-2019,1.75,1.76,1.68,1.74,506300
AXU,07-Aug-2019,1.86,1.91,1.81,1.85,1309100
AXU,08-Aug-2019,1.82,1.86,1.79,1.85,683100
AXU,09-Aug-2019,1.85,1.86,1.7601,1.8,583800
AXU,12-Aug-2019,1.76,1.86,1.75,1.76,796400
AXU,13-Aug-2019,1.81,1.85,1.75,1.8,1429100
AXU,14-Aug-2019,2.1,2.14,1.96,1.97,4171000
AXU,15-Aug-2019,2.03,2.06,1.98,2.04,1701100
AXU,16-Aug-2019,2.05,2.09,1.82,1.86,2288700
AXU,19-Aug-2019,1.85,1.85,1.75,1.79,2207000
AXU,20-Aug-2019,1.84,1.95,1.79,1.95,1365300
